Time	Uplink_Cap(Mbps)	Down_Cap(Mbps)	Gap_Size(ms)	Pkt_Size(B)	Train_Len
1351885859725	1.4922	3.0594	0.1	500	50
1351885860401	0.9773	3.0567	0.1	500	50
1351885860994	1.7527	2.7315	0.1	500	50
1351885861547	1.8227	3.0596	0.1	500	50
1351885862036	1.5359	3.0600	0.1	500	50
1351885862489	1.8744	3.0644	0.1	500	50
1351885862985	1.9643	3.3768	0.1	500	50
1351885863518	1.7214	3.0716	0.1	500	50
1351885864022	1.8057	3.0117	0.1	500	50
1351885864505	2.2016	3.3815	0.1	500	50
1351885865024	1.4600	3.0613	0.1	500	50
1351885865539	2.2301	3.0606	0.1	500	50
1351885866079	2.2301	3.0702	0.1	500	50
1351885866576	1.7740	3.0607	0.1	500	50
1351885867117	2.2908	3.0636	0.1	500	50
1351885867625	2.2884	3.0597	0.1	500	50
1351885868158	2.4695	3.0621	0.1	500	50
1351885868669	2.0317	3.3876	0.1	500	50
1351885869170	2.1906	2.8021	0.1	500	50
1351885869683	1.4781	3.3779	0.1	500	50
1351885870185	2.0514	2.8086	0.1	500	50
1351885870693	1.6359	3.4905	0.1	500	50
1351885871219	2.3955	3.3869	0.1	500	50
1351885871770	2.4148	2.7359	0.1	500	50
1351885872304	2.0644	3.0656	0.1	500	50
1351885872837	1.9911	3.0567	0.1	500	50
1351885873361	2.2150	3.4894	0.1	500	50
1351885873929	1.9080	3.0625	0.1	500	50
1351885874463	1.9631	3.0603	0.1	500	50
1351885875043	1.8243	2.7255	0.1	500	50
1351885875670	1.9815	3.0540	0.1	500	50
1351885876196	1.9027	3.3645	0.1	500	50
1351885876690	1.9797	3.8923	0.1	500	50
1351885877227	1.9393	2.7273	0.1	500	50
1351885877752	2.1163	3.0719	0.1	500	50
1351885878300	2.0860	2.7256	0.1	500	50
1351885878866	1.7778	3.0607	0.1	500	50
1351885879419	1.3646	3.4834	0.1	500	50
1351885880010	2.4167	3.3687	0.1	500	50
1351885880671	2.1020	3.2587	0.1	500	50
1351885881231	1.7822	2.5213	0.1	500	50
1351885881887	2.1184	2.7240	0.1	500	50
1351885882486	1.9155	2.3343	0.1	500	50
1351885883037	2.1122	2.9774	0.1	500	50
1351885883597	1.9689	2.7991	0.1	500	50
1351885884128	2.0400	3.0607	0.1	500	50
1351885884689	1.9421	3.0716	0.1	500	50
1351885885258	1.7406	3.3665	0.1	500	50
1351885885841	1.7687	3.0588	0.1	500	50
1351885886428	1.8294	3.0564	0.1	500	50
1351885887060	1.5961	2.7595	0.1	500	50
1351885887603	1.6629	3.0657	0.1	500	50
1351885888181	1.9132	3.0599	0.1	500	50
1351885888763	2.1717	2.9757	0.1	500	50
1351885889353	1.7522	3.0640	0.1	500	50
1351885889924	1.8966	3.0581	0.1	500	50
1351885890520	1.7341	3.0627	0.1	500	50
1351885891144	1.7415	2.7271	0.1	500	50
1351885891683	2.0044	3.0708	0.1	500	50
1351885892212	1.6716	3.0595	0.1	500	50
1351885892787	1.8475	3.0584	0.1	500	50
1351885893334	2.0867	3.0764	0.1	500	50
1351885893879	2.1102	2.3488	0.1	500	50
1351885894435	1.9596	3.0648	0.1	500	50
1351885894945	1.5603	3.0735	0.1	500	50
1351885895564	2.1184	3.0533	0.1	500	50
1351885896100	2.0081	3.0619	0.1	500	50
1351885896618	1.9228	3.1824	0.1	500	50
1351885897191	1.6482	3.0712	0.1	500	50
1351885897717	1.9330	3.3674	0.1	500	50
1351885898213	2.3798	3.0605	0.1	500	50
1351885898699	1.9972	3.0783	0.1	500	50
1351885899212	2.0112	3.3842	0.1	500	50
1351885899718	2.1617	2.8065	0.1	500	50
1351885900164	1.7295	3.3720	0.1	500	50
1351885900653	2.0722	3.3718	0.1	500	50
1351885901145	1.9911	3.3677	0.1	500	50
1351885901624	1.6364	3.0732	0.1	500	50
1351885902162	1.6726	3.0556	0.1	500	50
1351885902676	2.1034	3.0718	0.1	500	50
1351885903211	2.1273	3.0583	0.1	500	50
1351885903753	2.2369	3.3700	0.1	500	50
1351885904266	1.9456	3.9138	0.1	500	50
1351885904805	1.9093	2.7249	0.1	500	50
1351885905294	2.0273	3.4253	0.1	500	50
1351885905827	1.5413	3.0760	0.1	500	50
1351885906390	1.6582	3.4959	0.1	500	50
1351885906955	1.3420	3.0657	0.1	500	50
1351885907468	2.0118	3.0580	0.1	500	50
1351885907993	1.8616	2.7419	0.1	500	50
1351885908541	2.0149	2.7408	0.1	500	50
1351885909093	1.9110	3.0627	0.1	500	50
1351885909590	1.8469	3.0606	0.1	500	50
1351885910116	2.0683	3.4910	0.1	500	50
1351885910635	1.7039	2.9874	0.1	500	50
1351885911201	1.6743	3.0617	0.1	500	50
1351885911764	1.6366	3.0579	0.1	500	50
1351885912329	1.9216	3.0559	0.1	500	50
1351885912868	1.7640	3.0603	0.1	500	50
1351885913368	2.0130	3.0626	0.1	500	50
1351885913848	1.9965	3.0635	0.1	500	50
1351885914357	1.8809	3.0612	0.1	500	50
1351885914870	1.8444	3.0563	0.1	500	50
1351885915422	1.9560	2.7289	0.1	500	50
1351885915962	1.8464	3.4986	0.1	500	50
1351885916494	1.6933	3.0615	0.1	500	50
1351885917002	1.8585	2.7268	0.1	500	50
1351885917545	1.8361	2.7264	0.1	500	50
1351885918104	1.8264	3.0687	0.1	500	50
1351885918660	1.8163	3.0695	0.1	500	50
1351885919214	1.7764	3.0710	0.1	500	50
1351885919723	1.7988	3.3674	0.1	500	50
1351885920265	2.0393	3.0611	0.1	500	50
1351885920800	1.6855	3.0605	0.1	500	50
1351885921341	1.8444	3.3617	0.1	500	50
1351885921852	1.8890	3.0608	0.1	500	50
1351885922354	1.8381	3.0630	0.1	500	50
1351885922830	1.8595	3.3662	0.1	500	50
1351885923369	1.9809	3.0784	0.1	500	50
1351885923907	1.9462	3.0596	0.1	500	50
1351885924407	2.1475	3.0771	0.1	500	50
1351885924922	1.9404	3.0575	0.1	500	50
1351885925428	2.0230	3.0767	0.1	500	50
1351885925950	2.1833	3.4906	0.1	500	50
1351885926463	1.9060	3.0694	0.1	500	50
1351885927000	1.8961	3.0611	0.1	500	50
1351885927470	2.0062	3.0728	0.1	500	50
1351885927945	1.9984	3.0628	0.1	500	50
1351885928451	1.8900	3.0638	0.1	500	50
1351885928919	1.9149	3.0646	0.1	500	50
1351885929467	1.8284	3.0697	0.1	500	50
1351885929993	1.9116	3.0663	0.1	500	50
1351885930508	1.8782	2.9669	0.1	500	50
1351885930993	2.1001	3.0555	0.1	500	50
1351885931487	1.7856	3.3687	0.1	500	50
1351885931991	2.0118	3.0619	0.1	500	50
1351885932528	1.8310	3.0617	0.1	500	50
1351885933042	1.7778	3.3913	0.1	500	50
1351885933554	2.2053	3.0647	0.1	500	50
1351885934045	1.8407	3.0541	0.1	500	50
1351885934562	1.8340	3.3613	0.1	500	50
1351885935034	1.9607	3.4926	0.1	500	50
1351885935540	1.9887	3.0576	0.1	500	50
1351885936044	1.7832	3.0509	0.1	500	50
1351885936553	2.1021	3.3792	0.1	500	50
1351885937032	1.8505	3.0571	0.1	500	50
1351885937528	2.1891	3.0594	0.1	500	50
1351885938050	1.8038	3.0589	0.1	500	50
1351885938567	1.9755	3.0602	0.1	500	50
1351885939029	2.0019	3.0643	0.1	500	50
1351885939521	2.1826	3.4891	0.1	500	50
1351885940049	1.8569	3.3631	0.1	500	50
1351885940527	2.0807	3.0610	0.1	500	50
1351885941053	1.8013	3.0793	0.1	500	50
1351885941573	2.1746	3.1278	0.1	500	50
1351885942118	1.8994	3.0582	0.1	500	50
1351885942689	1.7983	1.5972	0.1	500	50
1351885943191	1.8351	3.3810	0.1	500	50
1351885943725	1.8294	3.3826	0.1	500	50
1351885944252	1.8675	3.0667	0.1	500	50
1351885944758	1.9520	3.3797	0.1	500	50
1351885945257	1.9318	3.0594	0.1	500	50
1351885945759	2.1660	3.3723	0.1	500	50
1351885946274	1.7079	3.0598	0.1	500	50
1351885946839	1.9947	2.7279	0.1	500	50
1351885947406	2.0381	3.0574	0.1	500	50
1351885947923	1.9959	3.0647	0.1	500	50
1351885948446	1.9233	3.0542	0.1	500	50
1351885948980	2.1768	2.7302	0.1	500	50
1351885949572	2.1789	3.0585	0.1	500	50
1351885950113	2.0217	3.0685	0.1	500	50
1351885950764	1.8222	2.4720	0.1	500	50
1351885951282	1.9893	3.0587	0.1	500	50
1351885951940	2.2286	3.0661	0.1	500	50
1351885952491	1.7778	3.0677	0.1	500	50
1351885953057	2.3029	2.7278	0.1	500	50
1351885953658	2.0960	3.0559	0.1	500	50
1351885954192	1.5899	3.0534	0.1	500	50
1351885954743	2.1363	3.0623	0.1	500	50
1351885955313	2.0579	2.1417	0.1	500	50
1351885955824	1.9941	3.0578	0.1	500	50
1351885956422	1.9093	2.3404	0.1	500	50
1351885957004	2.1667	2.7301	0.1	500	50
1351885957560	1.7861	3.0574	0.1	500	50
1351885958172	2.3593	2.7306	0.1	500	50
1351885958683	2.0689	3.3694	0.1	500	50
1351885959258	2.0701	2.7265	0.1	500	50
1351885959801	1.7164	3.0613	0.1	500	50
1351885960312	1.9462	2.7703	0.1	500	50
1351885960849	2.1266	3.0705	0.1	500	50
1351885961368	2.3266	3.9022	0.1	500	50
1351885961872	1.7706	3.0669	0.1	500	50
1351885962451	2.0286	3.0655	0.1	500	50
1351885962983	2.1066	3.0166	0.1	500	50
1351885963539	2.1525	3.4883	0.1	500	50
1351885964122	1.8345	3.0625	0.1	500	50
1351885964660	1.8558	3.0611	0.1	500	50
1351885965214	1.9572	3.0622	0.1	500	50
1351885965761	1.9149	3.0612	0.1	500	50
1351885966319	1.8506	3.0614	0.1	500	50
1351885966847	1.7678	3.0945	0.3	500	50
1351885967371	2.1688	2.8237	0.3	500	50
1351885967860	2.0185	2.7505	0.3	500	50
1351885968401	2.1177	2.3601	0.3	500	50
1351885968967	1.5245	2.8228	0.3	500	50
1351885969521	1.8760	2.5430	0.3	500	50
1351885970149	1.8157	2.5396	0.3	500	50
1351885970796	1.7621	2.1133	0.3	500	50
1351885971349	1.6982	2.8312	0.3	500	50
1351885971967	1.7304	2.0665	0.3	500	50
1351885972569	2.1102	2.3094	0.3	500	50
1351885973158	1.7944	2.8232	0.3	500	50
1351885973689	1.9566	2.8256	0.3	500	50
1351885974241	1.8198	3.1883	0.3	500	50
1351885974795	2.1753	3.1965	0.3	500	50
1351885975342	2.0204	2.8254	0.3	500	50
1351885975917	1.8600	2.9081	0.3	500	50
1351885976432	2.0572	3.5221	0.3	500	50
1351885976971	2.0722	3.1842	0.3	500	50
1351885977582	1.8072	2.8264	0.3	500	50
1351885978144	2.0087	2.5379	0.3	500	50
1351885978685	2.1061	2.8262	0.3	500	50
1351885979261	1.8381	2.8275	0.3	500	50
1351885979768	2.0106	3.0902	0.3	500	50
1351885980351	1.8648	3.1857	0.3	500	50
1351885980884	2.3266	2.8294	0.3	500	50
1351885981496	1.8622	2.5443	0.3	500	50
1351885982081	1.6359	3.5277	0.3	500	50
1351885982608	1.8637	2.8263	0.3	500	50
1351885983160	1.9911	3.1814	0.3	500	50
1351885983727	2.1810	2.8286	0.3	500	50
1351885984332	1.8707	2.8247	0.3	500	50
1351885984875	1.9336	2.8254	0.3	500	50
1351885985474	2.0081	2.3588	0.3	500	50
1351885986048	2.0559	3.1897	0.3	500	50
1351885986597	1.9719	2.5404	0.3	500	50
1351885987174	1.8475	2.5426	0.3	500	50
1351885987744	1.8325	2.5395	0.3	500	50
1351885988296	1.7241	2.8291	0.3	500	50
1351885988871	1.8464	2.8297	0.3	500	50
1351885989512	1.8320	2.7463	0.3	500	50
1351885990123	1.7522	2.0683	0.3	500	50
1351885990701	1.8548	2.8272	0.3	500	50
1351885991256	1.8830	2.8690	0.3	500	50
1351885991806	1.8072	2.8295	0.3	500	50
1351885992391	1.6790	2.3594	0.3	500	50
1351885992958	1.7341	2.2054	0.3	500	50
1351885993490	1.6221	3.5198	0.3	500	50
1351885994019	1.9833	2.5395	0.3	500	50
1351885994554	1.8142	2.8314	0.3	500	50
1351885995096	2.0205	2.8260	0.3	500	50
1351885995654	2.1862	2.5417	0.3	500	50
1351885996205	1.7227	2.8330	0.3	500	50
1351885996784	1.8480	2.8236	0.3	500	50
1351885997415	1.7378	2.3052	0.3	500	50
1351885997993	1.8569	2.3618	0.3	500	50
1351885998512	1.9439	2.8234	0.3	500	50
1351885999106	1.7466	2.1101	0.3	500	50
1351885999640	2.0013	2.6058	0.3	500	50
1351886000341	0.9931	2.5418	0.3	500	50
1351886000861	1.6847	2.8220	0.3	500	50
1351886001426	2.1095	2.1106	0.3	500	50
1351886001969	1.9923	2.7475	0.3	500	50
1351886002518	2.1116	2.8270	0.3	500	50
1351886003078	1.9021	2.8278	0.3	500	50
1351886003679	1.6359	2.5415	0.3	500	50
1351886004253	1.9809	2.5358	0.3	500	50
1351886004806	1.9678	2.5393	0.3	500	50
1351886005356	1.6474	2.9604	0.3	500	50
1351886005860	2.2105	2.8261	0.3	500	50
1351886006354	2.1246	2.5389	0.3	500	50
1351886006839	2.0914	2.8264	0.3	500	50
1351886007367	2.1177	2.8330	0.3	500	50
1351886007840	2.1342	3.0911	0.3	500	50
1351886008370	1.8516	2.8279	0.3	500	50
1351886008908	1.8345	2.8268	0.3	500	50
1351886009401	1.9880	2.8298	0.3	500	50
1351886009911	1.8569	3.0852	0.3	500	50
1351886010454	1.9380	2.8275	0.3	500	50
1351886011002	1.9911	3.5258	0.3	500	50
1351886011511	1.9262	2.5406	0.3	500	50
1351886012029	2.0143	2.8155	0.3	500	50
1351886012551	1.9416	2.8278	0.3	500	50
1351886013029	1.9905	2.8288	0.3	500	50
1351886013530	1.8939	3.0799	0.3	500	50
1351886014029	2.0013	2.8311	0.3	500	50
1351886014502	1.6394	3.0913	0.3	500	50
1351886015009	2.1041	2.6387	0.3	500	50
1351886015528	1.8961	2.8174	0.3	500	50
1351886016051	1.9953	2.8293	0.3	500	50
1351886016541	2.0821	3.1926	0.3	500	50
1351886017049	1.9725	2.8260	0.3	500	50
1351886017577	1.9905	2.8268	0.3	500	50
1351886018152	1.8284	2.8232	0.3	500	50
1351886018707	2.0149	2.8242	0.3	500	50
1351886019234	2.1239	2.8317	0.3	500	50
1351886019731	2.0069	2.8317	0.3	500	50
1351886020251	2.0457	2.5415	0.3	500	50
1351886020734	1.9972	3.0904	0.3	500	50
1351886021257	1.8933	2.8253	0.3	500	50
1351886021754	2.1681	2.8239	0.3	500	50
1351886022255	2.1489	3.0893	0.3	500	50
1351886022745	2.0026	2.8261	0.3	500	50
1351886023252	1.9643	2.8329	0.3	500	50
1351886023791	1.8707	2.8215	0.3	500	50
1351886024303	1.8653	2.8262	0.3	500	50
1351886024821	1.7396	3.0913	0.3	500	50
1351886025392	1.7191	2.8215	0.3	500	50
1351886025884	2.0087	2.8253	0.3	500	50
1351886026428	2.1245	2.5345	0.3	500	50
1351886027004	2.1419	2.3621	0.3	500	50
1351886027531	2.0502	2.8317	0.3	500	50
1351886028042	1.8852	2.8279	0.3	500	50
1351886028550	1.8631	2.8321	0.3	500	50
1351886029052	2.1150	2.8196	0.3	500	50
1351886029546	1.9284	2.8664	0.3	500	50
1351886030074	2.1596	2.7937	0.3	500	50
1351886030591	1.9689	2.8680	0.3	500	50
1351886031156	1.5266	2.8285	0.3	500	50
1351886031685	2.1928	2.8287	0.3	500	50
1351886032209	1.9868	2.8290	0.3	500	50
1351886032730	2.0087	2.8256	0.3	500	50
1351886033275	1.9827	2.3730	0.3	500	50
1351886033764	1.9851	2.8257	0.3	500	50
1351886034268	2.0099	3.5284	0.3	500	50
1351886034782	1.9779	2.8144	0.3	500	50
1351886035303	2.1425	2.8315	0.3	500	50
1351886035803	1.9984	2.8380	0.3	500	50
1351886036343	1.8284	3.0840	0.3	500	50
1351886036843	1.9526	2.8309	0.3	500	50
1351886037355	1.9166	3.0907	0.3	500	50
1351886037870	1.8648	3.0868	0.3	500	50
1351886038370	2.0032	3.0864	0.3	500	50
1351886038917	1.9959	2.2037	0.3	500	50
1351886039452	2.0450	3.0875	0.3	500	50
1351886039972	2.2453	2.8260	0.3	500	50
1351886040542	1.8360	2.8292	0.3	500	50
1351886041174	1.7277	2.2060	0.3	500	50
1351886041709	2.0032	3.1867	0.3	500	50
1351886042231	1.9953	2.8228	0.3	500	50
1351886042951	1.9087	1.8074	0.3	500	50
1351886043551	2.1461	2.4796	0.3	500	50
1351886044121	2.1603	2.5729	0.3	500	50
1351886044741	1.9160	2.3030	0.3	500	50
1351886045353	1.7541	3.1876	0.3	500	50
1351886045863	2.0160	2.9093	0.3	500	50
1351886046447	2.0540	2.8233	0.3	500	50
1351886047081	2.0689	2.6074	0.3	500	50
1351886047728	2.0807	2.2291	0.3	500	50
1351886048401	1.9410	2.0258	0.3	500	50
1351886048931	2.1055	3.1926	0.3	500	50
1351886049467	2.0508	2.8262	0.3	500	50
1351886050046	1.9262	2.3592	0.3	500	50
1351886050659	1.6688	2.6723	0.3	500	50
1351886051280	1.9093	2.3083	0.3	500	50
1351886051883	1.7494	2.1337	0.3	500	50
1351886052390	1.7241	3.5304	0.3	500	50
1351886053040	1.9832	2.6012	0.3	500	50
1351886053617	2.1287	2.2105	0.3	500	50
1351886054194	1.7227	2.8275	0.3	500	50
1351886054749	2.0242	2.4209	0.3	500	50
1351886055243	2.0906	3.0915	0.3	500	50
1351886055831	1.8675	2.8240	0.3	500	50
1351886056467	1.7133	2.8263	0.3	500	50
1351886057072	1.8574	2.7485	0.3	500	50
1351886057614	1.7277	2.5389	0.3	500	50
1351886058251	1.3425	2.8271	0.3	500	50
1351886058831	1.8669	2.8236	0.3	500	50
1351886059324	2.1674	3.0837	0.3	500	50
1351886059870	2.0833	2.8230	0.3	500	50
1351886060362	1.8590	3.0896	0.3	500	50
1351886060906	1.9222	2.8257	0.3	500	50
1351886061484	1.9779	2.5364	0.3	500	50
1351886062008	1.9978	2.8249	0.3	500	50
1351886062578	1.9228	2.8198	0.3	500	50
1351886063087	1.5703	3.1910	0.3	500	50
1351886063560	2.1342	2.8291	0.3	500	50
1351886064092	1.8543	3.0869	0.3	500	50
1351886064621	1.8392	2.8265	0.3	500	50
1351886065106	2.1426	2.8505	0.3	500	50
1351886065627	1.9005	2.8259	0.3	500	50
1351886066131	1.9082	2.8293	0.3	500	50
1351886066650	2.0013	2.8346	0.3	500	50
1351886067142	2.0007	2.8235	0.3	500	50
1351886067648	2.2120	2.8233	0.3	500	50
1351886068219	1.9845	3.0890	0.3	500	50
1351886068729	1.8691	2.8286	0.3	500	50
1351886069401	1.9893	2.8263	0.3	500	50
1351886070055	1.9947	2.8302	0.3	500	50
1351886070658	1.6842	2.7500	0.3	500	50
1351886071304	2.0099	2.2068	0.3	500	50
1351886071895	2.0069	2.9940	0.3	500	50
1351886072437	1.9166	2.5346	0.3	500	50
1351886072984	2.0198	2.5398	0.3	500	50
1351886073543	1.9923	2.8286	0.3	500	50
1351886074139	1.7277	2.7458	0.3	500	50
1351886074737	1.8053	2.8277	0.3	500	50
1351886075336	1.9619	2.8257	0.3	500	50
1351886075910	2.0062	1.9460	0.3	500	50
1351886076453	1.9838	2.8223	0.3	500	50
1351886076957	1.7807	2.6280	0.5	500	50
1351886077688	1.8008	2.8499	0.5	500	50
1351886078243	1.4685	2.6244	0.5	500	50
1351886078810	1.7236	2.6197	0.5	500	50
1351886079426	1.4635	2.5653	0.5	500	50
1351886079998	1.6603	2.6288	0.5	500	50
1351886080602	1.6070	2.9397	0.5	500	50
1351886081151	1.7678	2.3772	0.5	500	50
1351886081750	1.4814	2.9346	0.5	500	50
1351886082269	1.8269	2.9384	0.5	500	50
1351886082810	1.8548	2.6253	0.5	500	50
1351886083426	1.6907	2.1669	0.5	500	50
1351886084031	1.5769	2.5914	0.5	500	50
1351886084632	1.6363	2.8640	0.5	500	50
1351886085194	1.8585	1.7672	0.5	500	50
1351886085814	1.8274	2.6254	0.5	500	50
1351886086353	1.9071	2.9391	0.5	500	50
1351886086886	1.8033	2.6280	0.5	500	50
1351886087411	1.7875	2.6226	0.5	500	50
1351886087946	1.7811	2.6252	0.5	500	50
1351886088444	1.9290	2.6307	0.5	500	50
1351886088990	1.6855	2.6249	0.5	500	50
1351886089485	1.6129	2.8497	0.5	500	50
1351886090051	1.6934	2.6293	0.5	500	50
1351886090870	1.6773	2.8065	0.5	500	50
1351886091393	1.6667	2.6230	0.5	500	50
1351886091915	1.8254	2.6288	0.5	500	50
1351886092432	1.6899	2.6266	0.5	500	50
1351886092970	1.6829	2.6272	0.5	500	50
1351886093490	1.6929	2.8538	0.5	500	50
1351886094028	1.7870	2.6211	0.5	500	50
1351886094582	1.7954	2.6285	0.5	500	50
1351886095112	1.5337	2.6236	0.5	500	50
1351886095630	1.8717	2.6239	0.5	500	50
1351886096139	1.7954	2.6240	0.5	500	50
1351886096677	1.7223	2.8460	0.5	500	50
1351886097210	1.8043	2.6298	0.5	500	50
1351886097729	1.6260	2.8539	0.5	500	50
1351886098231	1.9267	2.6255	0.5	500	50
1351886098731	1.7245	2.8554	0.5	500	50
1351886099257	1.7959	2.6242	0.5	500	50
1351886099771	1.7378	2.6259	0.5	500	50
1351886100411	1.0363	2.6222	0.5	500	50
1351886100970	1.6799	2.6226	0.5	500	50
1351886101530	1.6743	2.6292	0.5	500	50
1351886102048	1.6946	2.6229	0.5	500	50
1351886102589	1.9462	2.6263	0.5	500	50
1351886103092	1.4976	2.8525	0.5	500	50
1351886103617	1.6868	2.3767	0.5	500	50
1351886104179	1.6829	2.6247	0.5	500	50
1351886104762	1.6821	2.6280	0.5	500	50
1351886105290	1.7793	2.6284	0.5	500	50
1351886105810	1.6730	2.6263	0.5	500	50
1351886106409	1.6981	2.6233	0.5	500	50
1351886106921	1.8999	2.6343	0.5	500	50
1351886107450	1.8879	2.6233	0.5	500	50
1351886108011	1.8053	2.5931	0.5	500	50
1351886108539	1.6363	2.6269	0.5	500	50
1351886109086	1.5826	2.8986	0.5	500	50
1351886109651	1.6433	2.6254	0.5	500	50
1351886110191	1.6873	2.6266	0.5	500	50
1351886110732	1.7949	2.8537	0.5	500	50
1351886111251	1.7811	2.5563	0.5	500	50
1351886111763	1.8102	2.3741	0.5	500	50
1351886112275	1.7938	2.6253	0.5	500	50
1351886112829	1.8334	2.0826	0.5	500	50
1351886113373	1.7968	2.6235	0.5	500	50
1351886113912	1.8087	2.6271	0.5	500	50
1351886114514	1.5949	2.6293	0.5	500	50
1351886115201	1.7106	2.6245	0.5	500	50
1351886115818	1.7875	2.3760	0.5	500	50
1351886116422	1.7797	2.6238	0.5	500	50
1351886116999	1.6612	2.6262	0.5	500	50
1351886117636	1.7124	2.6244	0.5	500	50
1351886118202	1.7341	2.9442	0.5	500	50
1351886118762	1.8072	2.6272	0.5	500	50
1351886119363	1.6011	2.3786	0.5	500	50
1351886119959	1.5754	2.5751	0.5	500	50
1351886120555	1.6986	2.6207	0.5	500	50
1351886121090	1.5864	2.5605	0.5	500	50
1351886121652	1.6629	2.3760	0.5	500	50
1351886122412	1.5883	2.9277	0.5	500	50
1351886123008	1.6355	2.6224	0.5	500	50
1351886123598	1.7110	2.3782	0.5	500	50
1351886124171	1.7097	2.3731	0.5	500	50
1351886124724	1.7640	2.6272	0.5	500	50
1351886125278	1.9233	2.8508	0.5	500	50
1351886125803	1.7866	2.6266	0.5	500	50
1351886126320	1.7527	2.6251	0.5	500	50
1351886126842	1.7910	2.6360	0.5	500	50
1351886127341	1.8038	2.5988	0.5	500	50
1351886127844	1.5477	2.6234	0.5	500	50
1351886128345	1.7973	2.6238	0.5	500	50
1351886128841	1.7621	2.6234	0.5	500	50
1351886129351	1.7597	3.2136	0.5	500	50
1351886129921	1.7186	2.9320	0.5	500	50
1351886130405	1.8579	3.2159	0.5	500	50
1351886130888	1.8294	2.6273	0.5	500	50
1351886131437	1.7851	2.3779	0.5	500	50
1351886131951	1.7807	2.6243	0.5	500	50
1351886132518	1.9049	2.8544	0.5	500	50
1351886133023	1.6864	2.8516	0.5	500	50
1351886133553	1.6718	2.3764	0.5	500	50
1351886134067	1.7672	2.3759	0.5	500	50
1351886134563	1.6842	2.8462	0.5	500	50
1351886135121	1.7978	2.8515	0.5	500	50
1351886135670	1.8192	2.6258	0.5	500	50
1351886136235	1.7592	2.6234	0.5	500	50
1351886136751	1.7602	2.8514	0.5	500	50
1351886137323	1.6667	1.9225	0.5	500	50
1351886137902	1.7346	2.3779	0.5	500	50
1351886138478	1.6739	2.2655	0.5	500	50
1351886138992	1.9132	2.8487	0.5	500	50
1351886139560	1.5170	2.2709	0.5	500	50
1351886140200	1.7318	2.6244	0.5	500	50
1351886140770	1.4908	2.6304	0.5	500	50
1351886141323	1.6881	2.6982	0.5	500	50
1351886141877	1.8023	2.6263	0.5	500	50
1351886142484	1.7929	2.3751	0.5	500	50
1351886143113	1.5682	2.6302	0.5	500	50
1351886143743	1.8043	2.2676	0.5	500	50
1351886144355	1.6177	2.6244	0.5	500	50
1351886144911	1.6886	2.6275	0.5	500	50
1351886145515	1.6233	2.6278	0.5	500	50
1351886146050	1.7721	2.6268	0.5	500	50
1351886146620	1.8023	2.1684	0.5	500	50
1351886147176	1.9525	2.0793	0.5	500	50
1351886147757	1.6441	2.5703	0.5	500	50
1351886148517	1.8067	2.6275	0.5	500	50
1351886149104	1.6632	2.6290	0.5	500	50
1351886149854	1.5761	2.6253	0.5	500	50
1351886150433	1.7938	2.6232	0.5	500	50
1351886151011	1.6134	2.6260	0.5	500	50
1351886151548	1.6515	2.8560	0.5	500	50
1351886152110	1.5772	2.6564	0.5	500	50
1351886152640	1.7993	2.3751	0.5	500	50
1351886153238	1.4429	2.6248	0.5	500	50
1351886153842	1.5811	2.6241	0.5	500	50
1351886154371	1.6566	2.6244	0.5	500	50
1351886154870	1.7778	2.8496	0.5	500	50
1351886155363	1.7817	2.8539	0.5	500	50
1351886155932	1.7924	2.8549	0.5	500	50
1351886156434	1.8977	2.6255	0.5	500	50
1351886156960	1.7769	2.5917	0.5	500	50
1351886157618	1.8548	2.6257	0.5	500	50
1351886158269	1.7740	2.0799	0.5	500	50
1351886158831	1.7938	2.8475	0.5	500	50
1351886159388	1.7588	2.6451	0.5	500	50
1351886159921	1.6499	2.3775	0.5	500	50
1351886160501	1.4036	2.3756	0.5	500	50
1351886161078	1.3876	2.6280	0.5	500	50
1351886161667	1.7030	2.5607	0.5	500	50
1351886162217	1.8163	2.6266	0.5	500	50
1351886162783	1.6696	2.9362	0.5	500	50
1351886163452	1.7013	2.3777	0.5	500	50
1351886164016	1.8072	2.6243	0.5	500	50
1351886164530	1.7811	2.3820	0.5	500	50
1351886165139	1.6458	2.6233	0.5	500	50
1351886165648	1.9177	2.7548	0.5	500	50
1351886166254	1.5241	2.6237	0.5	500	50
1351886166897	1.7602	2.0780	0.5	500	50
1351886167550	1.8062	2.1735	0.5	500	50
1351886168117	1.8392	2.6264	0.5	500	50
1351886168793	1.5792	2.3003	0.5	500	50
1351886169339	1.8057	2.4344	0.5	500	50
1351886169882	1.8043	2.6277	0.5	500	50
1351886170460	1.7318	2.4919	0.5	500	50
1351886171105	1.8013	2.0809	0.5	500	50
1351886171603	1.8038	2.6292	0.5	500	50
1351886172148	1.6201	2.6298	0.5	500	50
1351886172647	1.7075	2.8507	0.5	500	50
1351886173353	1.6842	2.6225	0.5	500	50
1351886173862	1.8157	2.9335	0.5	500	50
1351886174363	1.7963	2.6274	0.5	500	50
1351886174912	1.6561	2.2701	0.5	500	50
1351886175494	1.8147	2.0803	0.5	500	50
1351886176049	1.5574	2.6294	0.5	500	50
1351886176590	1.6960	2.6290	0.5	500	50
1351886177178	1.6816	2.1740	0.5	500	50
1351886177738	1.6864	2.6252	0.5	500	50
1351886178251	1.5700	2.6294	0.5	500	50
1351886178745	1.7778	2.9382	0.5	500	50
1351886179244	1.8248	2.8517	0.5	500	50
1351886179754	1.8320	2.6268	0.5	500	50
1351886180335	1.7856	2.8497	0.5	500	50
1351886180885	1.6873	2.6239	0.5	500	50
1351886181411	1.7963	2.5000	0.5	500	50
1351886181940	1.9984	2.6229	0.5	500	50
1351886182533	1.6855	2.3780	0.5	500	50
1351886183063	1.6574	2.6285	0.5	500	50
1351886183584	1.7668	2.6265	0.5	500	50
1351886184109	1.6400	2.6239	0.5	500	50
1351886184662	1.6654	2.6283	0.5	500	50
1351886185210	1.6118	2.8581	0.5	500	50
1351886185748	1.9637	2.9339	0.5	500	50
1351886186290	1.5784	2.6274	0.5	500	50
1351886186839	1.9491	2.6270	0.5	500	50
1351886187418	1.7687	2.3737	0.5	500	50
1351886187965	1.7793	2.6246	0.5	500	50
1351886188488	1.7851	2.3739	0.5	500	50
1351886189023	1.6743	2.4547	0.7	500	50
1351886189552	1.5220	2.4564	0.7	500	50
1351886190103	1.7466	2.7134	0.7	500	50
1351886190659	1.6478	2.2342	0.7	500	50
1351886191183	1.7327	2.6487	0.7	500	50
1351886191701	1.7630	2.4535	0.7	500	50
1351886192266	1.7061	2.4570	0.7	500	50
1351886192808	1.7778	1.9673	0.7	500	50
1351886193415	1.7424	2.1389	0.7	500	50
1351886194054	1.4997	1.9709	0.7	500	50
1351886194682	1.8511	1.9712	0.7	500	50
1351886195234	1.7649	2.4520	0.7	500	50
1351886195815	1.5645	2.1369	0.7	500	50
1351886196398	1.5508	2.4502	0.7	500	50
1351886196977	1.7314	1.9681	0.7	500	50
1351886197624	1.4898	2.1376	0.7	500	50
1351886198260	1.6285	2.1394	0.7	500	50
1351886198914	1.6106	1.9326	0.7	500	50
1351886199558	1.4131	2.1397	0.7	500	50
1351886200249	1.4771	2.2344	0.7	500	50
1351886200833	1.7088	2.2322	0.7	500	50
1351886201575	1.6582	1.9691	0.7	500	50
1351886202129	1.7696	1.9712	0.7	500	50
1351886202685	1.7836	2.2376	0.7	500	50
1351886203234	1.7503	2.4559	0.7	500	50
1351886203851	1.8766	1.6331	0.7	500	50
1351886204342	1.6278	2.9627	0.7	500	50
1351886204874	1.6229	2.4534	0.7	500	50
1351886205444	1.5291	1.9707	0.7	500	50
1351886206070	1.5589	2.2377	0.7	500	50
1351886206662	1.7536	2.1411	0.7	500	50
1351886207236	1.4671	2.4523	0.7	500	50
1351886207807	1.6282	2.4532	0.7	500	50
1351886208370	1.6489	1.9705	0.7	500	50
1351886208939	1.4706	2.4555	0.7	500	50
1351886209595	1.4063	1.9699	0.7	500	50
1351886210298	1.6662	1.9699	0.7	500	50
1351886211233	1.7457	1.9710	0.7	500	50
1351886211829	1.5156	2.1345	0.7	500	50
1351886212384	1.7846	2.0932	0.7	500	50
1351886213008	1.6478	2.7208	0.7	500	50
1351886213619	1.5427	1.9694	0.7	500	50
1351886214290	1.0078	2.2849	0.7	500	50
1351886214884	1.6233	2.0930	0.7	500	50
1351886215481	1.6437	2.7206	0.7	500	50
1351886216080	1.5581	2.4494	0.7	500	50
1351886216694	1.2729	2.4631	0.7	500	50
1351886217226	1.6437	2.7180	0.7	500	50
1351886217753	1.6429	2.4522	0.7	500	50
1351886218323	1.4583	2.4481	0.7	500	50
1351886218900	1.6404	2.2836	0.7	500	50
1351886219421	1.7602	2.6481	0.7	500	50
1351886219961	1.6266	2.4522	0.7	500	50
1351886220538	1.6795	2.4835	0.7	500	50
1351886221255	0.8430	2.4536	0.7	500	50
1351886221873	1.6578	1.9686	0.7	500	50
1351886222441	1.5788	2.4539	0.7	500	50
1351886222991	1.6743	2.4495	0.7	500	50
1351886223532	1.7512	2.4592	0.7	500	50
1351886224108	1.6130	2.4527	0.7	500	50
1351886224888	1.5373	0.7259	0.7	500	50
1351886225443	1.7273	2.2877	0.7	500	50
1351886226042	1.7364	1.9657	0.7	500	50
1351886226668	1.7489	2.1393	0.7	500	50
1351886227349	1.6629	1.9689	0.7	500	50
1351886227956	1.5128	2.2336	0.7	500	50
1351886228532	1.7250	2.4517	0.7	500	50
1351886229088	1.7541	2.4523	0.7	500	50
1351886229610	1.8637	2.4506	0.7	500	50
1351886230241	1.6629	2.4560	0.7	500	50
1351886230767	1.6973	2.4826	0.7	500	50
1351886231320	1.7424	2.2329	0.7	500	50
1351886231956	1.8168	2.1395	0.7	500	50
1351886232603	1.5633	2.4549	0.7	500	50
1351886233143	1.6881	2.4535	0.7	500	50
1351886233680	1.7484	2.4528	0.7	500	50
1351886234200	1.6553	2.9601	0.7	500	50
1351886234780	1.7480	2.4529	0.7	500	50
1351886235346	1.6528	2.4512	0.7	500	50
1351886235867	1.7582	2.4596	0.7	500	50
1351886236422	1.5413	2.9628	0.7	500	50
1351886236992	1.6466	2.2770	0.7	500	50
1351886237543	1.5637	2.9591	0.7	500	50
1351886238062	1.7682	2.6458	0.7	500	50
1351886238564	1.7527	2.4515	0.7	500	50
1351886239157	1.6466	2.4515	0.7	500	50
1351886239690	1.6367	2.4548	0.7	500	50
1351886240232	1.6570	2.4548	0.7	500	50
1351886240828	1.6629	2.4551	0.7	500	50
1351886241388	1.6658	2.4521	0.7	500	50
1351886241923	1.6412	2.4521	0.7	500	50
1351886242422	1.7494	2.6456	0.7	500	50
1351886242943	1.8304	2.2856	0.7	500	50
1351886243490	1.6229	2.4515	0.7	500	50
1351886244057	1.7654	2.4532	0.7	500	50
1351886244629	1.6523	2.4496	0.7	500	50
1351886245228	1.7677	2.6854	0.7	500	50
1351886245769	1.7459	2.4549	0.7	500	50
1351886246330	1.6532	2.4256	0.7	500	50
1351886246887	1.5457	2.9605	0.7	500	50
1351886247499	1.7337	2.4544	0.7	500	50
1351886248050	1.8616	2.4537	0.7	500	50
1351886248631	1.5708	2.4513	0.7	500	50
1351886249149	1.7527	2.4531	0.7	500	50
1351886249724	1.6130	2.4545	0.7	500	50
1351886250330	1.7336	2.4549	0.7	500	50
1351886250908	1.5903	2.4695	0.7	500	50
1351886251469	1.6486	2.6489	0.7	500	50
1351886252014	1.6595	2.4544	0.7	500	50
1351886252596	1.7373	2.6516	0.7	500	50
1351886253129	1.6367	2.4520	0.7	500	50
1351886253665	1.7880	2.4520	0.7	500	50
1351886254240	1.7550	2.6457	0.7	500	50
1351886254771	1.7793	2.6497	0.7	500	50
1351886255333	1.7151	2.4224	0.7	500	50
1351886255911	1.6977	2.4565	0.7	500	50
1351886256426	1.7498	2.4528	0.7	500	50
1351886256969	1.6692	2.4541	0.7	500	50
1351886257532	1.7503	2.6477	0.7	500	50
1351886258092	1.8955	2.4257	0.7	500	50
1351886258611	1.6765	2.4559	0.7	500	50
1351886259164	1.7470	2.7288	0.7	500	50
1351886259641	1.8480	2.4525	0.7	500	50
1351886260170	1.7470	2.4513	0.7	500	50
1351886260724	1.8621	2.4528	0.7	500	50
1351886261231	1.7687	2.4531	0.7	500	50
1351886261729	1.8691	2.6491	0.7	500	50
1351886262311	1.7559	2.4498	0.7	500	50
1351886262810	1.7470	2.4579	0.7	500	50
1351886263331	1.7517	2.4535	0.7	500	50
1351886263891	1.6863	2.4509	0.7	500	50
1351886264412	1.7536	2.4543	0.7	500	50
1351886264950	1.5753	2.4496	0.7	500	50
1351886265469	1.7602	2.6521	0.7	500	50
1351886266066	1.7721	2.4518	0.7	500	50
1351886266584	1.7286	2.4543	0.7	500	50
1351886267109	1.8874	2.4548	0.7	500	50
1351886267659	1.7583	2.4552	0.7	500	50
1351886268230	1.4973	2.4544	0.7	500	50
1351886268721	1.7480	2.4521	0.7	500	50
1351886269251	1.6478	2.4534	0.7	500	50
1351886269826	1.7304	2.4516	0.7	500	50
1351886270329	1.8971	2.4885	0.7	500	50
1351886270851	1.7364	2.4567	0.7	500	50
1351886271491	1.7672	2.2330	0.7	500	50
1351886271989	1.7536	2.6477	0.7	500	50
1351886272479	1.7583	2.6129	0.7	500	50
1351886273030	1.9016	2.4542	0.7	500	50
1351886273528	1.7569	2.4488	0.7	500	50
1351886274048	1.8198	2.4544	0.7	500	50
1351886274616	1.7438	2.4542	0.7	500	50
1351886275129	1.7711	2.4501	0.7	500	50
1351886275669	1.7465	2.2344	0.7	500	50
1351886276240	1.8685	2.4568	0.7	500	50
1351886276770	1.8680	2.4790	0.7	500	50
1351886277280	1.7654	2.4500	0.7	500	50
1351886277823	1.7672	2.4517	0.7	500	50
1351886278335	1.7914	2.4556	0.7	500	50
1351886278888	1.6705	2.4497	0.7	500	50
1351886279510	1.6545	2.4540	0.7	500	50
1351886280173	1.6973	2.2332	0.7	500	50
1351886280728	1.6205	2.4519	0.7	500	50
1351886281356	1.6561	2.2329	0.7	500	50
1351886281952	1.6960	2.2314	0.7	500	50
1351886282527	1.6541	2.4542	0.7	500	50
1351886283130	1.6705	2.4515	0.7	500	50
1351886283690	1.6205	2.4531	0.7	500	50
1351886284284	1.6318	2.7196	0.7	500	50
1351886284843	1.8955	2.7207	0.7	500	50
1351886285364	1.7968	2.7219	0.7	500	50
1351886285908	1.7466	2.3957	0.7	500	50
1351886286531	1.6035	2.4623	0.7	500	50
1351886287092	1.7836	2.4512	0.7	500	50
1351886287729	1.3514	2.7172	0.7	500	50
1351886288337	1.7954	2.7210	0.7	500	50
1351886288947	1.9099	2.7197	0.7	500	50
1351886289641	1.5780	2.9685	0.7	500	50
1351886290183	1.7484	2.2354	0.7	500	50
1351886290682	1.7286	2.4537	0.7	500	50
1351886291188	1.8691	2.9572	0.7	500	50
1351886291727	1.7475	2.7142	0.7	500	50
1351886292220	1.7068	2.4507	0.7	500	50
1351886292721	1.7711	2.6480	0.7	500	50
1351886293264	1.7429	2.4499	0.7	500	50
1351886293788	1.7489	2.4537	0.7	500	50
1351886294361	1.6624	2.4532	0.7	500	50
1351886295087	1.5359	2.1384	0.7	500	50
1351886295663	1.5948	2.6473	0.7	500	50
1351886296254	1.5705	2.4827	0.7	500	50
1351886296885	1.6201	2.4559	0.7	500	50
1351886297473	1.8485	2.2343	0.7	500	50
1351886298083	1.7341	2.4564	0.7	500	50
1351886298722	1.7359	2.1664	0.7	500	50
1351886299284	1.8879	2.4554	0.7	500	50
1351886299840	1.7429	2.4532	0.7	500	50
1351886300444	1.6205	2.7209	0.7	500	50
1351886300951	1.7540	2.6485	0.7	500	50
1351886301494	1.7419	2.4537	0.7	500	50
1351886302105	1.8928	2.6428	0.7	500	50
1351886302636	1.6258	2.4536	0.7	500	50
1351886303361	1.5559	2.4576	0.9	500	50
1351886304076	1.4235	2.2771	0.9	500	50
1351886304638	1.7415	2.2845	0.9	500	50
1351886305213	1.5417	2.2821	0.9	500	50
1351886305828	1.3321	2.2836	0.9	500	50
1351886306367	1.6149	2.2772	0.9	500	50
1351886306917	1.4861	2.2881	0.9	500	50
1351886307552	1.3103	2.2767	0.9	500	50
1351886308201	1.4925	2.4443	0.9	500	50
1351886308767	1.4420	2.2736	0.9	500	50
1351886309369	1.6624	2.2732	0.9	500	50
1351886309951	1.4801	2.2734	0.9	500	50
1351886310552	1.5457	1.8589	0.9	500	50
1351886311109	1.5840	2.2878	0.9	500	50
1351886311637	1.5976	2.2754	0.9	500	50
1351886312214	1.6379	2.0946	0.9	500	50
1351886312832	1.7110	2.2684	0.9	500	50
1351886313343	1.5581	2.2504	0.9	500	50
1351886313854	1.5980	2.2902	0.9	500	50
1351886314555	1.5199	2.0925	0.9	500	50
1351886315098	1.6193	2.1282	0.9	500	50
1351886315687	1.5398	2.2714	0.9	500	50
1351886316265	1.7304	2.2864	0.9	500	50
1351886316786	1.5497	2.4347	0.9	500	50
1351886317303	1.5018	2.2910	0.9	500	50
1351886317922	1.5337	2.5217	0.9	500	50
1351886318530	1.6011	1.9262	0.9	500	50
1351886319109	1.6557	2.4126	0.9	500	50
1351886319761	1.6249	2.5010	0.9	500	50
1351886320362	1.4226	2.2896	0.9	500	50
1351886320930	1.5373	2.2840	0.9	500	50
1351886321554	1.6205	2.5165	0.9	500	50
1351886322142	1.5362	2.3026	0.9	500	50
1351886322719	1.7545	2.2755	0.9	500	50
1351886323365	1.7429	1.9047	0.9	500	50
1351886323994	1.4922	2.2783	0.9	500	50
1351886324595	1.6437	2.0800	0.9	500	50
1351886325184	1.5227	2.2856	0.9	500	50
1351886325733	1.5045	2.2756	0.9	500	50
1351886326311	1.6478	1.9173	0.9	500	50
1351886326883	1.6408	2.2894	0.9	500	50
1351886327447	1.6524	2.2849	0.9	500	50
1351886328034	1.4512	2.2766	0.9	500	50
1351886328623	1.5004	2.2799	0.9	500	50
1351886329210	1.5626	2.0886	0.9	500	50
1351886329787	1.5398	2.2712	0.9	500	50
1351886330411	1.6286	2.2788	0.9	500	50
1351886330997	1.5080	2.2679	0.9	500	50
1351886331527	1.6347	2.7474	0.9	500	50
1351886332108	1.5891	2.2707	0.9	500	50
1351886332618	1.7204	2.7144	0.9	500	50
1351886333134	1.6396	2.0859	0.9	500	50
1351886333716	1.5305	2.5111	0.9	500	50
1351886334254	1.6461	2.4544	0.9	500	50
1351886334840	1.5174	2.1795	0.9	500	50
1351886335411	1.6503	2.2724	0.9	500	50
1351886335929	1.6388	2.2913	0.9	500	50
1351886336484	1.5316	2.2761	0.9	500	50
1351886337091	1.4989	2.0906	0.9	500	50
1351886337650	1.5435	1.9568	0.9	500	50
1351886338168	1.6367	2.2685	0.9	500	50
1351886338775	1.5548	2.5013	0.9	500	50
1351886339316	1.6363	2.2756	0.9	500	50
1351886339842	1.6520	2.2768	0.9	500	50
1351886340457	1.3830	2.4811	0.9	500	50
1351886341080	1.4303	2.4408	0.9	500	50
1351886341637	1.5355	2.1409	0.9	500	50
1351886342305	1.2015	2.2705	0.9	500	50
1351886342873	1.6326	2.4196	0.9	500	50
1351886343384	1.6528	2.3249	0.9	500	50
1351886344002	1.5626	1.8568	0.9	500	50
1351886344522	1.5522	2.2749	0.9	500	50
1351886345050	1.6298	2.2929	0.9	500	50
1351886345675	1.5087	2.2901	0.9	500	50
1351886346180	1.5945	2.4525	0.9	500	50
1351886346697	1.6394	2.3672	0.9	500	50
1351886347244	1.6449	2.2955	0.9	500	50
1351886347766	1.6396	2.2736	0.9	500	50
1351886348262	1.6574	2.4286	0.9	500	50
1351886348816	1.6383	2.4161	0.9	500	50
1351886349320	1.7730	2.2838	0.9	500	50
1351886349821	1.6520	2.2866	0.9	500	50
1351886350424	1.6549	2.2905	0.9	500	50
1351886350943	1.6258	2.2719	0.9	500	50
1351886351467	1.5384	2.2776	0.9	500	50
1351886352062	1.4814	2.2778	0.9	500	50
1351886352592	1.6507	2.2990	0.9	500	50
1351886353134	1.7052	2.2692	0.9	500	50
1351886353713	1.6561	2.4426	0.9	500	50
1351886354224	1.6924	2.0889	0.9	500	50
1351886354765	1.6278	2.2842	0.9	500	50
1351886355320	1.6608	2.4441	0.9	500	50
1351886355886	1.6594	2.1460	0.9	500	50
1351886356423	1.5559	2.1269	0.9	500	50
1351886357057	1.4632	2.2740	0.9	500	50
1351886357700	1.6400	1.6135	0.9	500	50
1351886358284	1.3941	2.3399	0.9	500	50
1351886358858	1.6335	2.2827	0.9	500	50
1351886359408	1.5420	2.2704	0.9	500	50
1351886360006	1.4834	2.2784	0.9	500	50
1351886360617	1.5352	2.2734	0.9	500	50
1351886361150	1.7227	2.2751	0.9	500	50
1351886361773	1.5720	1.8671	0.9	500	50
1351886362423	1.5007	2.2732	0.9	500	50
1351886362974	1.7155	2.2783	0.9	500	50
1351886363546	1.7583	1.8530	0.9	500	50
1351886364162	1.5424	2.2772	0.9	500	50
1351886364705	1.5474	2.1537	0.9	500	50
1351886365235	1.5449	2.3015	0.9	500	50
1351886365821	1.5481	2.5352	0.9	500	50
1351886366374	1.5391	2.2918	0.9	500	50
1351886366973	1.6566	2.0777	0.9	500	50
1351886367574	1.6557	2.4629	0.9	500	50
1351886368190	1.4155	1.9135	0.9	500	50
1351886368779	1.5996	2.2458	0.9	500	50
1351886369370	1.6769	2.4983	0.9	500	50
1351886369966	1.6298	1.9256	0.9	500	50
1351886370490	1.6278	2.2749	0.9	500	50
1351886371077	1.6066	2.2812	0.9	500	50
1351886371625	1.6416	2.4405	0.9	500	50
1351886372207	1.3663	2.4509	0.9	500	50
1351886372828	1.6333	2.0096	0.9	500	50
1351886373395	1.5266	2.5070	0.9	500	50
1351886374011	1.6004	2.0798	0.9	500	50
1351886374620	1.4109	1.9242	0.9	500	50
1351886375132	1.6355	2.4454	0.9	500	50
1351886375695	1.5567	2.4297	0.9	500	50
1351886376235	1.6383	2.1326	0.9	500	50
1351886376871	1.6404	2.2882	0.9	500	50
1351886377480	1.4407	1.9374	0.9	500	50
1351886378033	1.7137	2.2829	0.9	500	50
1351886378709	1.4761	1.9344	0.9	500	50
1351886379255	1.5471	2.2786	0.9	500	50
1351886379934	1.5435	1.7219	0.9	500	50
1351886380553	1.6082	2.0201	0.9	500	50
1351886381147	1.4567	2.4178	0.9	500	50
1351886381711	1.7503	2.2804	0.9	500	50
1351886382288	1.5949	2.0876	0.9	500	50
1351886382859	1.5467	2.2733	0.9	500	50
1351886383453	1.5377	2.5136	0.9	500	50
1351886384009	1.5619	2.3001	0.9	500	50
1351886384589	1.7640	2.4314	0.9	500	50
1351886385138	1.5417	2.4656	0.9	500	50
1351886385759	1.4744	1.8931	0.9	500	50
1351886386285	1.6420	2.3089	0.9	500	50
1351886386977	1.5291	1.8568	0.9	500	50
1351886387546	1.7137	2.2993	0.9	500	50
1351886388197	1.6773	2.2815	0.9	500	50
1351886388759	1.6245	1.8954	0.9	500	50
1351886389393	1.5337	2.2786	0.9	500	50
1351886389926	1.6221	2.4501	0.9	500	50
1351886390489	1.6086	2.2826	0.9	500	50
1351886391013	1.6153	2.2833	0.9	500	50
1351886391577	1.5846	2.4405	0.9	500	50
1351886392135	1.7232	2.3000	0.9	500	50
1351886392755	1.5262	2.2672	0.9	500	50
1351886393334	1.5581	2.2821	0.9	500	50
1351886393874	1.6282	2.5123	0.9	500	50
1351886394431	1.4759	2.2814	0.9	500	50
1351886394974	1.5810	2.2832	0.9	500	50
1351886395672	1.5456	2.2846	0.9	500	50
1351886396288	1.6620	2.2820	0.9	500	50
1351886396848	1.4929	2.4371	0.9	500	50
1351886397387	1.4194	2.2827	0.9	500	50
1351886397991	1.5607	2.3029	0.9	500	50
1351886398528	1.7494	2.0855	0.9	500	50
1351886399090	1.5029	2.2691	0.9	500	50
1351886399610	1.7682	2.4559	0.9	500	50
1351886400263	1.6561	2.2700	0.9	500	50
1351886400845	1.1241	2.2687	0.9	500	50
1351886401421	1.7429	2.2840	0.9	500	50
1351886401957	1.5829	2.2797	0.9	500	50
1351886402595	1.6458	2.2697	0.9	500	50
1351886403157	1.5114	2.2851	0.9	500	50
1351886403708	1.7988	2.4556	0.9	500	50
1351886404227	1.5735	2.0910	0.9	500	50
1351886404841	1.5519	2.2814	0.9	500	50
1351886405369	1.7494	2.2875	0.9	500	50
1351886405961	1.5066	2.4992	0.9	500	50
1351886406462	1.6566	2.4470	0.9	500	50
1351886406999	1.6237	2.7070	0.9	500	50
1351886407554	1.5769	2.2846	0.9	500	50
1351886408128	1.5366	2.2814	0.9	500	50
1351886408663	1.5442	2.2699	0.9	500	50
1351886409260	1.6566	1.8593	0.9	500	50
1351886409799	1.5530	2.1261	0.9	500	50
1351886410374	1.5577	2.2926	0.9	500	50
1351886410897	1.6536	2.4770	0.9	500	50
1351886411493	1.5678	2.1034	0.9	500	50
1351886412038	1.6114	2.4584	0.9	500	50
1351886412611	1.5245	2.2972	0.9	500	50
1351886413162	1.7195	2.2837	0.9	500	50
1351886413707	1.6614	2.3013	0.9	500	50
1351886414257	1.3402	2.7246	0.9	500	50
1351886414830	1.5844	2.4676	0.9	500	50
1351886415451	1.6582	2.3070	0.9	500	50
1351886416106	1.4764	2.2918	0.9	500	50
1351886416645	1.6646	2.2914	0.9	500	50
1351886417232	1.6225	2.2710	0.9	500	50
1351886417812	1.6094	2.1759	0.9	500	50
