Time	Uplink_Cap(Mbps)	Down_Cap(Mbps)	Gap_Size(ms)	Pkt_Size(B)	Train_Len
1351879927464	0.7582	5.2977	200000	200	50
1351879927945	0.8097	5.3542	200000	200	50
1351879928462	0.8414	5.2695	200000	200	50
1351879928935	0.8846	5.2584	200000	200	50
1351879929448	0.8217	5.2722	200000	200	50
1351879929925	0.7444	5.3301	200000	200	50
1351879930443	0.8778	5.3112	200000	200	50
1351879930935	0.7472	5.2864	200000	200	50
1351879931415	0.8810	5.2786	200000	200	50
1351879931883	0.8552	5.3452	200000	200	50
1351879932315	0.9050	5.2839	200000	200	50
1351879932766	0.8888	5.2676	200000	200	50
1351879933271	0.8945	5.3261	200000	200	50
1351879933731	0.8906	3.7021	200000	200	50
1351879934196	0.8799	5.2671	200000	200	50
1351879934700	0.8228	5.2796	200000	200	50
1351879935150	0.8976	5.3378	200000	200	50
1351879935626	0.8404	5.3003	200000	200	50
1351879936084	0.8297	5.3654	200000	200	50
1351879936649	0.7732	5.2674	200000	200	50
1351879937120	0.7713	5.2577	200000	200	50
1351879937563	0.8332	5.2805	200000	200	50
1351879938071	0.8076	5.2680	200000	200	50
1351879938551	0.8192	5.2898	200000	200	50
1351879939015	0.9120	5.2989	200000	200	50
1351879939543	0.8113	5.3565	200000	200	50
1351879940008	0.9255	5.2850	200000	200	50
1351879940498	0.8396	5.2746	200000	200	50
1351879940955	0.7504	5.2730	200000	200	50
1351879941455	0.8501	5.3310	200000	200	50
1351879941928	0.7904	5.2828	200000	200	50
1351879942400	0.8614	5.2455	200000	200	50
1351879942972	0.8888	5.2888	200000	200	50
1351879943385	1.0378	5.3028	200000	200	50
1351879943822	0.8998	5.3042	200000	200	50
1351879944323	0.8131	5.2345	200000	200	50
1351879944809	0.8005	5.2817	200000	200	50
1351879945304	0.8519	5.2621	200000	200	50
1351879945783	0.8256	5.2978	200000	200	50
1351879946285	0.9196	5.3114	200000	200	50
1351879946712	0.8723	5.3214	200000	200	50
1351879947128	0.9404	5.2562	200000	200	50
1351879947617	0.8544	5.3161	200000	200	50
1351879948033	0.9041	5.3078	200000	200	50
1351879948456	0.9063	5.2848	200000	200	50
1351879948941	0.9104	5.2548	200000	200	50
1351879949351	0.9164	5.2881	200000	200	50
1351879949738	0.9126	5.2769	200000	200	50
1351879950166	0.8608	5.3713	200000	200	50
1351879950581	0.9085	5.2722	200000	200	50
1351879950994	0.9347	5.2865	200000	200	50
1351879951423	0.8605	5.2836	200000	200	50
1351879951826	0.9261	5.3057	200000	200	50
1351879952227	0.9923	5.2426	200000	200	50
1351879952633	0.9871	5.3003	200000	200	50
1351879953103	0.9296	5.2834	200000	200	50
1351879953515	0.9793	5.3233	200000	200	50
1351879953935	0.8497	5.3034	200000	200	50
1351879954395	0.9206	5.2859	200000	200	50
1351879954810	0.9155	5.2933	200000	200	50
1351879955227	0.9079	5.2766	200000	200	50
1351879955689	0.9317	5.3005	200000	200	50
1351879956108	0.9790	5.3025	200000	200	50
1351879956533	0.8924	5.2862	200000	200	50
1351879956993	0.8324	5.2903	200000	200	50
1351879957414	0.7934	5.2763	200000	200	50
1351879957815	0.9812	5.2942	200000	200	50
1351879958259	0.9340	5.2636	200000	200	50
1351879958655	0.9551	5.2890	200000	200	50
1351879959092	0.9434	5.2964	200000	200	50
1351879959528	0.9367	5.2962	200000	200	50
1351879959964	0.9320	5.2999	200000	200	50
1351879960424	0.9053	5.2902	200000	200	50
1351879960929	0.8293	5.2960	200000	200	50
1351879961404	0.9304	5.3094	200000	200	50
1351879961843	0.8215	5.3306	200000	200	50
1351879962345	0.9232	5.3055	200000	200	50
1351879962791	0.8248	5.2823	200000	200	50
1351879963255	0.7532	5.3052	200000	200	50
1351879963799	0.7657	5.2509	200000	200	50
1351879964257	0.8602	5.2957	200000	200	50
1351879964655	0.9852	5.2814	200000	200	50
1351879965150	0.8076	5.2870	200000	200	50
1351879965575	0.9255	5.3073	200000	200	50
1351879966002	0.8784	5.2909	200000	200	50
1351879966481	0.9826	5.3051	200000	200	50
1351879966909	0.9642	5.2971	200000	200	50
1351879967306	0.9721	5.2949	200000	200	50
1351879967756	0.9307	5.2782	200000	200	50
1351879968177	0.8900	5.2756	200000	200	50
1351879968605	0.9167	5.2917	200000	200	50
1351879969143	0.8235	5.2729	200000	200	50
1351879969639	0.7273	5.3102	200000	200	50
1351879970120	0.7998	5.3117	200000	200	50
1351879970635	0.8306	5.2962	200000	200	50
1351879971136	0.7523	5.3407	200000	200	50
1351879971592	0.8831	5.2778	200000	200	50
1351879972070	0.8437	5.2864	200000	200	50
1351879972496	0.9125	5.2628	200000	200	50
1351879972913	0.9300	5.3150	200000	200	50
1351879973395	0.8787	5.3192	200000	200	50
1351879973806	0.9271	5.2808	200000	200	50
1351879974229	0.8988	5.2632	200000	200	50
1351879974705	0.9380	5.2543	200000	200	50
1351879975165	0.8488	5.3480	200000	200	50
1351879975608	0.8143	5.2871	200000	200	50
1351879976106	0.9167	5.2930	200000	200	50
1351879976515	0.9155	5.3202	200000	200	50
1351879976992	0.9347	5.2886	200000	200	50
1351879977489	0.8740	5.2706	200000	200	50
1351879977930	0.8238	5.3009	200000	200	50
1351879978378	0.8927	5.2816	200000	200	50
1351879978924	0.8108	5.3105	200000	200	50
1351879979393	0.7523	5.3045	200000	200	50
1351879979867	0.8192	5.3367	200000	200	50
1351879980414	0.7530	5.3200	200000	200	50
1351879980887	0.7504	5.2652	200000	200	50
1351879981312	0.9142	5.2873	200000	200	50
1351879981817	0.9145	5.2908	200000	200	50
1351879982297	0.8088	5.3045	200000	200	50
1351879982813	0.8207	5.3217	200000	200	50
1351879983301	0.7826	5.3764	200000	200	50
1351879983742	0.9793	5.2678	200000	200	50
1351879984147	0.9232	5.3154	200000	200	50
1351879984622	0.9301	5.2456	200000	200	50
1351879985072	0.8516	5.3935	200000	200	50
1351879985537	0.8816	5.2860	200000	200	50
1351879986035	0.9845	5.3675	200000	200	50
1351879986462	0.9724	5.2652	200000	200	50
1351879986920	0.8367	5.2771	200000	200	50
1351879987419	0.8611	5.3049	200000	200	50
1351879987880	0.9347	5.3045	200000	200	50
1351879988372	0.7538	5.2640	200000	200	50
1351879988856	0.8063	5.2547	200000	200	50
1351879989281	0.8388	5.2951	200000	200	50
1351879989719	0.8831	5.2567	200000	200	50
1351879990209	0.7803	5.2853	200000	200	50
1351879990622	0.9812	5.2765	200000	200	50
1351879991076	0.8269	5.3512	200000	200	50
1351879991568	0.8723	5.3060	200000	200	50
1351879992035	0.8285	5.3619	200000	200	50
1351879992479	0.9053	5.3055	200000	200	50
1351879992986	0.9183	5.2743	200000	200	50
1351879993434	0.9038	5.2909	200000	200	50
1351879993856	0.9340	5.2910	200000	200	50
1351879994351	0.8855	5.3192	200000	200	50
1351879994767	0.9340	5.2869	200000	200	50
1351879995216	0.8834	5.2500	200000	200	50
1351879995693	0.8510	5.2995	200000	200	50
1351879996153	0.7921	5.2447	200000	200	50
1351879996598	0.8116	5.2774	200000	200	50
1351879997089	0.8347	5.3034	200000	200	50
1351879997514	0.9196	5.2901	200000	200	50
1351879997928	0.9258	5.2961	200000	200	50
1351879998407	0.9167	5.3462	200000	200	50
1351879998848	0.8230	5.3044	200000	200	50
1351879999288	0.8671	5.2742	200000	200	50
1351879999770	0.9281	5.3314	200000	200	50
1351880000188	0.7801	5.2711	200000	200	50
1351880000607	0.8942	5.2524	200000	200	50
1351880001105	0.8870	5.2668	200000	200	50
1351880001556	0.8563	5.3107	200000	200	50
1351880001957	0.8891	5.2984	200000	200	50
1351880002480	0.7591	5.2974	200000	200	50
1351880002956	0.7502	5.2717	200000	200	50
1351880003372	0.9057	5.2773	200000	200	50
1351880003864	0.8067	5.3200	200000	200	50
1351880004295	0.8418	5.3700	200000	200	50
1351880004707	0.9190	5.3257	200000	200	50
1351880005231	0.9122	5.2581	200000	200	50
1351880005743	0.7026	5.3231	200000	200	50
1351880006254	0.7619	5.2888	200000	200	50
1351880006781	0.8810	5.2462	200000	200	50
1351880007232	0.8879	5.2469	200000	200	50
1351880007682	0.8900	5.2761	200000	200	50
1351880008175	0.8431	5.2898	200000	200	50
1351880008660	0.8560	5.2855	200000	200	50
1351880009104	0.8819	5.3253	200000	200	50
1351880009606	0.9148	5.2689	200000	200	50
1351880010074	0.9035	5.2831	200000	200	50
1351880010493	0.9059	5.2779	200000	200	50
1351880010974	0.9022	5.2928	200000	200	50
1351880011421	0.9164	5.5150	200000	200	50
1351880011813	0.9377	5.2940	200000	200	50
1351880012296	0.9390	5.2779	200000	200	50
1351880012721	0.8617	5.3298	200000	200	50
1351880013155	0.8876	5.3096	200000	200	50
1351880013634	0.9370	5.2844	200000	200	50
1351880014112	0.8088	5.2828	200000	200	50
1351880014585	0.8969	5.2915	200000	200	50
1351880015106	0.8873	5.2814	200000	200	50
1351880015520	0.9180	5.2926	200000	200	50
1351880015977	0.8882	5.2413	200000	200	50
1351880016473	0.8574	5.2944	200000	200	50
1351880016934	0.8508	5.2891	200000	200	50
1351880017360	0.8958	5.3111	200000	200	50
1351880017836	0.9739	5.2703	200000	200	50
1351880018241	0.9834	5.3053	200000	200	50
1351880018667	0.8828	5.3094	200000	200	50
1351880019142	0.9834	5.2881	200000	200	50
1351880019652	1.8563	2.9574	200000	400	50
1351880020155	1.7669	2.6620	200000	400	50
1351880020678	1.6595	2.6600	200000	400	50
1351880021191	1.6256	2.8034	200000	400	50
1351880021787	1.6653	2.5651	200000	400	50
1351880022314	1.8965	2.7041	200000	400	50
1351880022821	1.7504	2.5749	200000	400	50
1351880023360	1.8196	2.6546	200000	400	50
1351880023834	1.6125	2.6498	200000	400	50
1351880024337	1.5210	2.7097	200000	400	50
1351880024853	1.6679	2.9583	200000	400	50
1351880025331	1.6465	2.9561	200000	400	50
1351880025840	1.7580	2.7099	200000	400	50
1351880026333	1.6476	2.5782	200000	400	50
1351880026794	1.8177	2.5731	200000	400	50
1351880027337	1.7279	2.5716	200000	400	50
1351880027794	1.8728	2.6584	200000	400	50
1351880028253	1.8304	2.6568	200000	400	50
1351880028754	1.8077	2.7148	200000	400	50
1351880029234	1.8291	2.2788	200000	400	50
1351880029774	1.8582	2.2828	200000	400	50
1351880030253	1.8278	2.5745	200000	400	50
1351880030724	1.8715	2.7903	200000	400	50
1351880031276	1.7233	2.9608	200000	400	50
1351880031762	1.8702	2.7210	200000	400	50
1351880032266	1.6206	2.9577	200000	400	50
1351880032785	1.4769	2.7501	200000	400	50
1351880033253	1.7422	2.6551	200000	400	50
1351880033815	1.7082	2.9635	200000	400	50
1351880034286	1.8329	2.3509	200000	400	50
1351880034823	1.6332	2.9589	200000	400	50
1351880035300	1.8215	2.6528	200000	400	50
1351880035805	1.6808	2.3896	200000	400	50
1351880036335	1.7934	2.3156	200000	400	50
1351880036821	1.6977	2.6614	200000	400	50
1351880037354	1.7990	2.3892	200000	400	50
1351880037895	1.7239	2.3876	200000	400	50
1351880038396	1.6601	2.7980	200000	400	50
1351880038915	1.6700	2.7092	200000	400	50
1351880039408	1.8291	2.8040	200000	400	50
1351880039908	1.8497	2.5754	200000	400	50
1351880040374	1.7087	2.5793	200000	400	50
1351880040846	1.8556	2.7978	200000	400	50
1351880041370	1.7457	2.8505	200000	400	50
1351880041862	1.7627	2.3883	200000	400	50
1351880042410	1.6450	2.3847	200000	400	50
1351880042902	1.7539	2.5728	200000	400	50
1351880043393	1.5999	2.5814	200000	400	50
1351880043924	1.7740	2.8010	200000	400	50
1351880044414	1.6496	2.8494	200000	400	50
1351880044937	1.6638	2.3824	200000	400	50
1351880045474	1.8234	2.1316	200000	400	50
1351880045988	1.7734	2.3806	200000	400	50
1351880046556	1.6792	2.1424	200000	400	50
1351880047068	1.7849	2.7993	200000	400	50
1351880047606	1.7764	2.5695	200000	400	50
1351880048099	1.7947	2.9425	200000	400	50
1351880048608	1.7910	2.8041	200000	400	50
1351880049177	1.6291	2.4040	200000	400	50
1351880049686	1.3813	2.5737	200000	400	50
1351880050210	1.6221	2.2816	200000	400	50
1351880050735	1.5665	2.7086	200000	400	50
1351880051227	1.6632	2.4924	200000	400	50
1351880051796	1.7434	2.4167	200000	400	50
1351880052307	1.6337	2.5762	200000	400	50
1351880052838	1.8095	2.4143	200000	400	50
1351880053331	1.7592	2.9035	200000	400	50
1351880053839	1.6627	2.8048	200000	400	50
1351880054414	1.6347	2.4581	200000	400	50
1351880054874	1.8614	2.6629	200000	400	50
1351880055374	1.5882	2.6631	200000	400	50
1351880055872	1.7272	2.7994	200000	400	50
1351880056365	1.7788	2.9622	200000	400	50
1351880056876	1.8107	2.5791	200000	400	50
1351880057355	1.8682	2.5749	200000	400	50
1351880057849	1.8715	2.9559	200000	400	50
1351880058355	1.8419	2.0480	200000	400	50
1351880058847	1.8802	2.3820	200000	400	50
1351880059359	1.8715	2.8022	200000	400	50
1351880059832	1.7521	2.6556	200000	400	50
1351880060351	1.5493	2.8519	200000	400	50
1351880060832	1.7837	2.6571	200000	400	50
1351880061313	1.8655	2.5749	200000	400	50
1351880061849	1.7521	2.9497	200000	400	50
1351880062321	1.6638	2.9596	200000	400	50
1351880062848	1.5126	3.0659	200000	400	50
1351880063338	1.7434	2.9006	200000	400	50
1351880063822	1.8014	2.5758	200000	400	50
1351880064373	1.8064	2.5724	200000	400	50
1351880064852	1.8304	2.5740	200000	400	50
1351880065396	1.6595	2.3845	200000	400	50
1351880065873	1.7284	2.6517	200000	400	50
1351880066358	1.8145	2.5775	200000	400	50
1351880066874	1.7216	2.6743	200000	400	50
1351880067406	1.7794	1.4949	200000	400	50
1351880067946	1.6917	2.6622	200000	400	50
1351880068492	1.1340	2.5775	200000	400	50
1351880069042	1.5045	2.3844	200000	400	50
1351880069614	1.7831	2.3821	200000	400	50
1351880070104	1.7663	2.5899	200000	400	50
1351880070631	1.7952	2.7902	200000	400	50
1351880071155	1.7228	2.5760	200000	400	50
1351880071672	1.7492	2.3467	200000	400	50
1351880072205	1.6276	2.8047	200000	400	50
1351880072682	1.6032	2.4588	200000	400	50
1351880073189	1.8304	2.8005	200000	400	50
1351880073664	1.7125	2.6634	200000	400	50
1351880074160	1.7873	2.1301	200000	400	50
1351880074716	1.8021	2.3477	200000	400	50
1351880075213	1.8310	2.5075	200000	400	50
1351880075737	1.6383	2.6651	200000	400	50
1351880076215	1.7843	2.6646	200000	400	50
1351880076717	1.6357	2.4505	200000	400	50
1351880077248	1.8139	2.5725	200000	400	50
1351880077727	1.7597	2.9509	200000	400	50
1351880078259	1.6792	2.5753	200000	400	50
1351880078756	1.7813	2.5726	200000	400	50
1351880079232	1.7965	2.8145	200000	400	50
1351880079791	1.4836	2.8020	200000	400	50
1351880080265	1.7026	2.5771	200000	400	50
1351880080804	1.6476	2.7987	200000	400	50
1351880081336	1.7873	2.5740	200000	400	50
1351880081872	1.8336	2.3813	200000	400	50
1351880082426	1.8368	2.3223	200000	400	50
1351880082941	1.8355	2.6612	200000	400	50
1351880083466	1.6653	2.9483	200000	400	50
1351880083954	1.5931	2.6652	200000	400	50
1351880084458	1.4799	2.5688	200000	400	50
1351880084993	1.6176	2.9577	200000	400	50
1351880085493	1.8152	2.7071	200000	400	50
1351880086077	1.6813	1.9249	200000	400	50
1351880086595	1.4703	2.5772	200000	400	50
1351880087075	1.7990	2.8041	200000	400	50
1351880087627	1.8014	2.8501	200000	400	50
1351880088131	1.8708	2.8039	200000	400	50
1351880088695	1.4004	2.5773	200000	400	50
1351880089253	1.6241	2.1299	200000	400	50
1351880089745	1.8152	2.3487	200000	400	50
1351880090304	1.7740	2.5791	200000	400	50
1351880090814	1.4143	2.6639	200000	400	50
1351880091346	1.7710	2.3804	200000	400	50
1351880091831	1.7831	2.8004	200000	400	50
1351880092329	1.7910	2.5755	200000	400	50
1351880092838	1.6096	2.6508	200000	400	50
1351880093361	1.4106	2.4565	200000	400	50
1351880093904	1.6388	2.6617	200000	400	50
1351880094412	1.8077	2.3871	200000	400	50
1351880094973	1.7043	2.3129	200000	400	50
1351880095471	1.6445	2.6681	200000	400	50
1351880095952	1.7763	3.0705	200000	400	50
1351880096461	1.7405	2.9579	200000	400	50
1351880096966	1.8387	2.9581	200000	400	50
1351880097474	1.7205	2.6583	200000	400	50
1351880097947	1.8662	2.9592	200000	400	50
1351880098468	1.5730	2.9534	200000	400	50
1351880098954	1.7597	2.4571	200000	400	50
1351880099455	1.7651	2.3468	200000	400	50
1351880099919	1.8556	2.7991	200000	400	50
1351880100452	1.1068	2.5741	200000	400	50
1351880101046	1.6004	2.3157	200000	400	50
1351880101573	1.6398	2.4654	200000	400	50
1351880102094	1.8754	2.7975	200000	400	50
1351880102592	1.7142	2.5753	200000	400	50
1351880103106	1.8152	2.2834	200000	400	50
1351880103608	1.6701	2.5729	200000	400	50
1351880104132	1.7580	3.0679	200000	400	50
1351880104720	1.6429	2.5773	200000	400	50
1351880105256	1.6548	2.8003	200000	400	50
1351880105819	1.6317	2.5800	200000	400	50
1351880106334	1.6241	2.3468	200000	400	50
1351880106833	1.8202	2.5787	200000	400	50
1351880107327	1.5162	2.5752	200000	400	50
1351880107846	1.6191	2.3766	200000	400	50
1351880108361	1.8227	2.7060	200000	400	50
1351880108854	1.8368	3.0773	200000	400	50
1351880109404	1.7686	2.2787	200000	400	50
1351880109892	1.7021	2.8014	200000	400	50
1351880110374	1.8271	2.4565	200000	400	50
1351880110865	1.5105	2.5799	200000	400	50
1351880111388	1.7801	2.5758	200000	400	50
1351880111907	1.8246	2.6636	200000	400	50
1351880112425	1.7746	2.7078	200000	400	50
1351880112968	1.7279	2.5782	200000	400	50
1351880113438	1.7387	2.3846	200000	400	50
1351880113939	1.7279	2.4610	200000	400	50
1351880114447	1.3521	2.2768	200000	400	50
1351880114992	1.7977	2.7013	200000	400	50
1351880115506	1.7239	2.9620	200000	400	50
1351880116026	1.8829	2.3925	200000	400	50
1351880116567	1.6465	2.5734	200000	400	50
1351880117120	1.5118	2.8033	200000	400	50
1351880117635	1.6398	2.6602	200000	400	50
1351880118147	1.3750	2.8024	200000	400	50
1351880118633	1.8782	2.5756	200000	400	50
1351880119187	1.5835	2.9597	200000	400	50
1351880119694	1.6590	2.5732	200000	400	50
1351880120224	1.8695	2.9535	200000	400	50
1351880120751	1.6585	2.5766	200000	400	50
1351880121253	1.6009	2.6613	200000	400	50
1351880121754	1.5092	2.6611	200000	400	50
1351880122298	2.7633	3.4972	200000	600	50
1351880123250	1.7699	3.9560	200000	600	50
1351880123795	1.7695	4.0882	200000	600	50
1351880124370	1.6710	3.8884	200000	600	50
1351880124947	1.7007	3.4899	200000	600	50
1351880125518	1.6619	3.8906	200000	600	50
1351880126083	1.8446	3.4984	200000	600	50
1351880126656	1.7375	3.6507	200000	600	50
1351880127218	1.7767	3.7670	200000	600	50
1351880127804	1.9392	3.8878	200000	600	50
1351880128370	1.9698	4.0805	200000	600	50
1351880128950	1.8503	4.3063	200000	600	50
1351880129556	2.0090	3.5059	200000	600	50
1351880130094	1.8745	3.7705	200000	600	50
1351880130655	1.8794	3.7583	200000	600	50
1351880131271	1.7510	3.7674	200000	600	50
1351880131828	1.8254	3.9535	200000	600	50
1351880132389	1.8287	3.7748	200000	600	50
1351880132952	1.6214	4.0883	200000	600	50
1351880133597	1.7103	4.0896	200000	600	50
1351880134179	1.5345	4.0911	200000	600	50
1351880134798	1.6890	3.7658	200000	600	50
1351880135460	1.9174	4.0841	200000	600	50
1351880136036	1.7631	3.8979	200000	600	50
1351880136583	1.8364	3.8865	200000	600	50
1351880137164	1.3974	3.7599	200000	600	50
1351880137767	1.7211	3.3484	200000	600	50
1351880138358	1.7103	3.8973	200000	600	50
1351880138986	1.6332	3.7647	200000	600	50
1351880139599	1.6608	3.0289	200000	600	50
1351880140142	1.8821	3.8902	200000	600	50
1351880140756	1.8065	3.7691	200000	600	50
1351880141304	1.7604	3.7628	200000	600	50
1351880141935	2.7691	4.0927	200000	600	50
1351880142487	1.4920	4.7356	200000	600	50
1351880143078	1.5958	3.7730	200000	600	50
1351880143629	1.8334	3.7663	200000	600	50
1351880144210	1.6657	3.3488	200000	600	50
1351880144751	1.7779	3.3474	200000	600	50
1351880145306	2.0058	3.7705	200000	600	50
1351880145837	1.9170	4.3072	200000	600	50
1351880146420	1.7739	3.7676	200000	600	50
1351880146955	1.6000	3.8950	200000	600	50
1351880147532	1.8207	4.3169	200000	600	50
1351880148166	1.7604	3.7705	200000	600	50
1351880148809	1.9017	3.3492	200000	600	50
1351880149438	1.6476	3.3970	200000	600	50
1351880150231	1.6435	3.4908	200000	600	50
1351880150805	1.8459	3.7668	200000	600	50
1351880151533	0.9739	3.7736	200000	600	50
1351880152128	1.5974	3.5003	200000	600	50
1351880152721	1.6235	3.4922	200000	600	50
1351880153316	1.7498	3.4983	200000	600	50
1351880153925	1.8148	3.6529	200000	600	50
1351880154534	1.9188	3.7675	200000	600	50
1351880155110	1.8732	3.7762	200000	600	50
1351880155654	2.6015	4.2764	200000	600	50
1351880156294	1.9561	3.4817	200000	600	50
1351880156806	2.6979	3.4983	200000	600	50
1351880157409	1.7747	3.4389	200000	600	50
1351880157975	1.6952	4.3142	200000	600	50
1351880158583	1.8228	3.4933	200000	600	50
1351880159199	1.8498	3.3444	200000	600	50
1351880159856	1.7432	3.7940	200000	600	50
1351880160409	1.8817	3.3563	200000	600	50
1351880160994	1.6667	3.4360	200000	600	50
1351880161685	1.5453	3.7776	200000	600	50
1351880162288	1.7298	3.8934	200000	600	50
1351880162855	1.7219	3.8336	200000	600	50
1351880163458	1.9278	3.9554	200000	600	50
1351880163969	1.9727	4.0807	200000	600	50
1351880164634	1.1914	4.0934	200000	600	50
1351880165227	1.8472	3.9023	200000	600	50
1351880165816	1.7592	3.4970	200000	600	50
1351880166354	1.7913	3.8873	200000	600	50
1351880166923	1.8853	4.3091	200000	600	50
1351880167548	2.6804	3.4981	200000	600	50
1351880168196	1.8581	4.3080	200000	600	50
1351880168808	1.8412	3.4958	200000	600	50
1351880169345	2.7007	3.8943	200000	600	50
1351880169896	1.7982	4.3077	200000	600	50
1351880170512	1.8939	3.9581	200000	600	50
1351880171071	1.6875	3.7708	200000	600	50
1351880171647	2.5760	4.0900	200000	600	50
1351880172188	1.7863	3.9592	200000	600	50
1351880172805	1.6886	3.9496	200000	600	50
1351880173393	1.8007	3.7665	200000	600	50
1351880173958	2.7062	3.9604	200000	600	50
1351880174572	1.8325	3.4904	200000	600	50
1351880175169	1.9339	3.6032	200000	600	50
1351880175706	1.8069	3.8886	200000	600	50
1351880176256	2.8046	3.2976	200000	600	50
1351880176782	1.7584	4.0944	200000	600	50
1351880177358	2.7127	3.4925	200000	600	50
1351880177895	1.8082	3.7679	200000	600	50
1351880178546	1.6988	4.3112	200000	600	50
1351880179088	1.8971	3.4946	200000	600	50
1351880179692	1.8399	3.8928	200000	600	50
1351880180233	1.7106	4.3503	200000	600	50
1351880180841	1.8511	3.7727	200000	600	50
1351880181393	1.7832	4.0854	200000	600	50
1351880182015	1.5719	3.7665	200000	600	50
1351880182567	1.8971	4.0953	200000	600	50
1351880183221	1.8330	3.9553	200000	600	50
1351880183747	1.8880	4.3200	200000	600	50
1351880184312	1.8019	4.0995	200000	600	50
1351880184868	1.6803	3.4970	200000	600	50
1351880185448	1.9522	4.0851	200000	600	50
1351880185982	1.6879	3.6561	200000	600	50
1351880186587	1.5563	3.8899	200000	600	50
1351880187147	1.7018	4.0927	200000	600	50
1351880187749	1.9174	3.3414	200000	600	50
1351880188293	1.7856	4.0904	200000	600	50
1351880188881	1.9095	3.7706	200000	600	50
1351880189481	1.7986	3.4924	200000	600	50
1351880190095	1.9378	3.3497	200000	600	50
1351880190664	1.9488	3.8951	200000	600	50
1351880191299	1.8057	3.7722	200000	600	50
1351880191816	1.9459	3.7678	200000	600	50
1351880192449	1.2372	3.1297	200000	600	50
1351880193051	1.8077	3.5915	200000	600	50
1351880193698	1.7073	3.3450	200000	600	50
1351880194226	1.6650	4.0898	200000	600	50
1351880194800	1.8463	3.9635	200000	600	50
1351880195351	1.8173	3.3908	200000	600	50
1351880195977	1.5028	3.4958	200000	600	50
1351880196536	2.3920	3.3934	200000	600	50
1351880197184	1.7463	3.9506	200000	600	50
1351880197755	2.4386	3.4954	200000	600	50
1351880198423	1.6566	3.4922	200000	600	50
1351880198957	1.7887	3.5918	200000	600	50
1351880199524	1.7491	3.0907	200000	600	50
1351880200134	1.8373	3.7728	200000	600	50
1351880200695	1.7827	3.7680	200000	600	50
1351880201262	1.8799	3.4944	200000	600	50
1351880201934	1.6661	3.8897	200000	600	50
1351880202483	1.9653	3.4469	200000	600	50
1351880203114	1.7648	3.7704	200000	600	50
1351880203703	1.7644	3.7737	200000	600	50
1351880204338	1.6095	3.9589	200000	600	50
1351880204950	1.6098	3.7800	200000	600	50
1351880205560	1.6178	4.0863	200000	600	50
1351880206221	1.6785	3.7808	200000	600	50
1351880206853	1.6814	4.1015	200000	600	50
1351880207429	1.9039	3.3996	200000	600	50
1351880207992	1.8700	4.4840	200000	600	50
1351880208571	1.7529	3.9501	200000	600	50
1351880209189	1.7336	4.0896	200000	600	50
1351880209722	1.9002	3.8705	200000	600	50
1351880210311	1.8875	3.5623	200000	600	50
1351880210892	1.7868	3.7748	200000	600	50
1351880211512	1.8957	4.3129	200000	600	50
1351880212068	1.7510	3.9329	200000	600	50
1351880212658	1.8249	3.3566	200000	600	50
1351880213242	1.7514	4.0833	200000	600	50
1351880213853	1.7844	4.1317	200000	600	50
1351880214435	1.5164	3.3958	200000	600	50
1351880215123	1.6394	4.0864	200000	600	50
1351880215707	1.6792	3.9026	200000	600	50
1351880216292	1.7211	3.3964	200000	600	50
1351880216970	1.4711	3.7643	200000	600	50
1351880217622	1.3907	3.4946	200000	600	50
1351880218188	1.6418	3.6048	200000	600	50
1351880218815	1.7925	3.7680	200000	600	50
1351880219424	1.7640	3.0156	200000	600	50
1351880220107	1.5939	3.2154	200000	600	50
1351880220766	1.6807	3.7138	200000	600	50
1351880221401	2.5271	4.0942	200000	600	50
1351880222032	1.7040	4.0880	200000	600	50
1351880222607	2.3775	3.7727	200000	600	50
1351880223145	1.7929	3.8918	200000	600	50
1351880223756	1.7644	3.9044	200000	600	50
1351880224384	1.8237	3.7699	200000	600	50
1351880224998	2.8066	3.7711	200000	600	50
1351880225566	1.8228	3.8914	200000	600	50
1351880226204	1.5011	4.0927	200000	600	50
1351880226756	1.7106	3.4951	200000	600	50
1351880227363	2.6551	3.4942	200000	600	50
1351880227895	2.5938	4.3146	200000	600	50
1351880228470	2.5844	4.3144	200000	600	50
1351880229021	1.9240	3.7734	200000	600	50
1351880229617	1.9268	4.3139	200000	600	50
1351880230172	1.7025	3.9580	200000	600	50
1351880230768	1.9095	4.3138	200000	600	50
1351880231322	1.6155	3.8900	200000	600	50
1351880231957	1.8564	3.4918	200000	600	50
1351880232487	1.8723	3.7603	200000	600	50
1351880233179	1.8369	3.9613	200000	600	50
1351880233738	1.7787	3.8931	200000	600	50
1351880234385	1.6521	3.9522	200000	600	50
1351880234960	1.7832	3.7753	200000	600	50
1351880235591	1.7695	3.3484	200000	600	50
1351880236141	1.8220	3.9681	200000	600	50
1351880236774	1.5961	4.3134	200000	600	50
1351880237370	1.5005	3.7715	200000	600	50
1351880238008	1.6380	3.4424	200000	600	50
1351880238538	2.6524	3.9725	200000	600	50
1351880239173	1.7695	3.3468	200000	600	50
1351880239743	1.9430	3.8941	200000	600	50
1351880240417	1.9498	3.9550	200000	600	50
1351880241045	2.1074	4.0227	200000	800	50
1351880241662	2.4034	4.4087	200000	800	50
1351880242296	2.0675	5.5524	200000	800	50
1351880242912	2.0521	4.9570	200000	800	50
1351880243580	2.1258	5.5531	200000	800	50
1351880244216	2.3148	2.9948	200000	800	50
1351880244856	2.2245	5.6757	200000	800	50
1351880245474	2.4621	4.5909	200000	800	50
1351880246111	1.9914	5.2098	200000	800	50
1351880246755	2.3303	4.9648	200000	800	50
1351880247437	1.9671	4.5906	200000	800	50
1351880248094	2.4529	4.7975	200000	800	50
1351880248693	2.0960	5.6583	200000	800	50
1351880249359	2.3016	5.2297	200000	800	50
1351880249981	2.4790	4.5991	200000	800	50
1351880250626	2.2663	4.5977	200000	800	50
1351880251262	2.0910	5.3646	200000	800	50
1351880251890	2.1747	5.3658	200000	800	50
1351880252527	2.3554	5.6522	200000	800	50
1351880253114	2.1906	5.3655	200000	800	50
1351880253796	2.2321	4.5886	200000	800	50
1351880254444	2.2986	2.5492	200000	800	50
1351880255079	2.1635	4.5924	200000	800	50
1351880255759	2.3713	4.5974	200000	800	50
1351880256389	2.4426	4.6026	200000	800	50
1351880257027	2.3205	2.6617	200000	800	50
1351880257620	2.4324	5.6451	200000	800	50
1351880258288	1.6509	5.1166	200000	800	50
1351880258907	2.3433	4.9407	200000	800	50
1351880259510	2.0704	5.6545	200000	800	50
1351880260158	2.3205	4.4735	200000	800	50
1351880260815	2.2330	4.9528	200000	800	50
1351880261557	2.1626	4.5999	200000	800	50
1351880262178	2.2896	4.8064	200000	800	50
1351880262884	2.0287	4.9609	200000	800	50
1351880263526	2.4145	4.5963	200000	800	50
1351880264155	1.9255	2.1994	200000	800	50
1351880264851	2.1146	4.4133	200000	800	50
1351880265511	2.1193	5.1162	200000	800	50
1351880266200	2.1961	4.7427	200000	800	50
1351880266845	2.1874	4.4090	200000	800	50
1351880267552	2.0827	4.5969	200000	800	50
1351880268173	2.2871	4.9555	200000	800	50
1351880268787	1.8541	4.9705	200000	800	50
1351880269473	1.8860	4.9507	200000	800	50
1351880270120	2.3370	5.1959	200000	800	50
1351880270792	2.3687	4.4143	200000	800	50
1351880271409	2.2170	5.1192	200000	800	50
1351880272106	2.1724	4.9572	200000	800	50
1351880272760	1.8922	4.9616	200000	800	50
1351880273373	1.9914	5.5534	200000	800	50
1351880274017	2.1869	4.8036	200000	800	50
1351880274671	1.9597	5.2019	200000	800	50
1351880275294	2.2906	5.6754	200000	800	50
1351880275955	2.0910	4.7287	200000	800	50
1351880276598	2.0131	4.5998	200000	800	50
1351880277236	2.3241	5.2657	200000	800	50
1351880277902	2.3308	4.1177	200000	800	50
1351880278618	2.2081	4.7421	200000	800	50
1351880279254	2.3800	4.6590	200000	800	50
1351880280061	2.2965	4.4617	200000	800	50
1351880280697	2.2090	5.6449	200000	800	50
1351880281342	1.9708	4.5969	200000	800	50
1351880282004	2.3153	4.5991	200000	800	50
1351880282654	2.1309	4.6131	200000	800	50
1351880283404	2.2067	4.5963	200000	800	50
1351880284038	2.1599	4.6023	200000	800	50
1351880284775	2.1563	4.5971	200000	800	50
1351880285392	2.2160	4.5912	200000	800	50
1351880286046	2.2771	4.9521	200000	800	50
1351880286713	2.3865	4.9662	200000	800	50
1351880287352	2.2021	5.2469	200000	800	50
1351880288043	2.1706	4.5909	200000	800	50
1351880288650	2.2970	4.6280	200000	800	50
1351880289314	2.1065	4.7343	200000	800	50
1351880289994	2.2911	4.9537	200000	800	50
1351880290619	2.0429	5.6594	200000	800	50
1351880291361	2.2561	4.5998	200000	800	50
1351880292062	2.0761	5.3811	200000	800	50
1351880292704	2.1401	4.5937	200000	800	50
1351880293435	1.9344	4.6048	200000	800	50
1351880294088	2.1585	4.6055	200000	800	50
1351880294762	2.2706	2.5444	200000	800	50
1351880295413	2.2165	4.7414	200000	800	50
1351880296019	2.1270	5.3772	200000	800	50
1351880296781	1.9682	4.5947	200000	800	50
1351880297410	1.6936	4.9523	200000	800	50
1351880298098	2.2831	4.6011	200000	800	50
1351880298711	2.3628	4.5974	200000	800	50
1351880299333	2.1810	4.9606	200000	800	50
1351880299973	2.4150	5.0946	200000	800	50
1351880300573	2.3401	2.9983	200000	800	50
1351880301281	2.0643	5.6635	200000	800	50
1351880301887	2.3805	4.9564	200000	800	50
1351880302570	2.4895	4.6056	200000	800	50
1351880303230	2.3354	5.2989	200000	800	50
1351880303812	2.3349	5.6578	200000	800	50
1351880304492	2.3548	5.3662	200000	800	50
1351880305110	2.3886	4.8024	200000	800	50
1351880305707	2.3756	4.9455	200000	800	50
1351880306386	2.3412	4.9647	200000	800	50
1351880307007	2.2035	4.9991	200000	800	50
1351880307699	2.2717	5.1985	200000	800	50
1351880308298	2.4040	5.3842	200000	800	50
1351880308905	2.2067	5.1172	200000	800	50
1351880309554	2.3189	4.9487	200000	800	50
1351880310167	2.2737	5.6427	200000	800	50
1351880310833	2.2245	5.3753	200000	800	50
1351880311484	2.3617	4.2853	200000	800	50
1351880312117	2.2845	4.5967	200000	800	50
1351880312740	2.1693	5.1038	200000	800	50
1351880313306	2.5513	5.6579	200000	800	50
1351880314015	2.2392	5.1076	200000	800	50
1351880314615	2.3501	5.6513	200000	800	50
1351880315267	2.3158	5.6476	200000	800	50
1351880315894	2.1644	5.6398	200000	800	50
1351880316495	2.4123	5.7081	200000	800	50
1351880317153	2.1929	5.6455	200000	800	50
1351880317806	2.1206	5.6286	200000	800	50
1351880318419	2.4719	5.6615	200000	800	50
1351880319047	2.4890	5.6562	200000	800	50
1351880319685	2.3365	4.5987	200000	800	50
1351880320380	1.9546	4.9556	200000	800	50
1351880321013	2.1860	5.1120	200000	800	50
1351880321654	2.1683	4.7243	200000	800	50
1351880322351	2.2164	4.6255	200000	800	50
1351880323000	2.0997	4.9724	200000	800	50
1351880323667	2.2975	4.9722	200000	800	50
1351880324294	2.1572	4.5319	200000	800	50
1351880324971	1.9790	4.1196	200000	800	50
1351880325632	2.2421	4.9583	200000	800	50
1351880326240	2.1697	2.6561	200000	800	50
1351880326916	2.2273	4.9556	200000	800	50
1351880327545	2.1515	4.9521	200000	800	50
1351880328165	2.2250	4.5961	200000	800	50
1351880328828	2.3675	4.9627	200000	800	50
1351880329470	2.1392	4.7416	200000	800	50
1351880330113	2.1720	5.3914	200000	800	50
1351880330703	2.1568	5.1045	200000	800	50
1351880331325	2.2198	5.6616	200000	800	50
1351880332018	2.2226	4.6030	200000	800	50
1351880332625	2.1176	4.5961	200000	800	50
1351880333315	2.1576	4.5343	200000	800	50
1351880333938	2.2493	4.3503	200000	800	50
1351880334609	2.2469	4.6023	200000	800	50
1351880335273	2.2007	5.1174	200000	800	50
1351880335906	2.2624	4.6632	200000	800	50
1351880336635	2.0334	4.1193	200000	800	50
1351880337269	2.3724	4.4085	200000	800	50
1351880337914	2.2851	4.6163	200000	800	50
1351880338563	2.1956	5.1038	200000	800	50
1351880339211	2.2727	5.2020	200000	800	50
1351880339887	2.0529	5.6530	200000	800	50
1351880340527	2.2856	4.9483	200000	800	50
1351880341158	2.0708	5.0376	200000	800	50
1351880341832	2.1915	5.3655	200000	800	50
1351880342444	2.3848	4.8040	200000	800	50
1351880343143	2.3946	3.5760	200000	800	50
1351880343757	2.3644	5.2003	200000	800	50
1351880344399	2.1133	4.6382	200000	800	50
1351880345111	2.4392	5.9364	200000	800	50
1351880345732	2.1942	4.9503	200000	800	50
1351880346392	2.3006	5.6692	200000	800	50
1351880347034	2.0749	4.8073	200000	800	50
1351880347641	2.3719	4.9729	200000	800	50
1351880348298	2.1262	5.6487	200000	800	50
1351880348925	2.2435	4.9604	200000	800	50
1351880349590	2.1409	4.8417	200000	800	50
1351880350212	2.1742	4.6020	200000	800	50
1351880350832	2.1423	5.6654	200000	800	50
1351880351494	2.3077	5.1964	200000	800	50
1351880352174	2.0398	4.5981	200000	800	50
1351880352885	1.6667	4.9563	200000	800	50
1351880353542	2.0856	5.6600	200000	800	50
1351880354201	1.9527	4.1233	200000	800	50
1351880354903	2.0093	5.3684	200000	800	50
1351880355590	2.0622	5.6721	200000	800	50
1351880356278	2.1652	4.9417	200000	800	50
1351880356914	2.3417	4.6010	200000	800	50
1351880357538	2.1219	4.5941	200000	800	50
1351880358193	2.3580	5.1080	200000	800	50
1351880358832	2.1621	5.3760	200000	800	50
1351880359523	2.4228	4.9559	200000	800	50
1351880360144	2.1724	5.3828	200000	800	50
1351880360758	2.0618	4.9479	200000	800	50
1351880361426	2.2866	5.4556	200000	800	50
1351880362038	2.2474	4.5356	200000	800	50
1351880362714	2.4078	4.5927	200000	800	50
1351880363338	2.4156	5.6580	200000	800	50
1351880363978	1.7905	4.9435	200000	800	50
1351880364662	2.1706	4.5275	200000	800	50
1351880365322	2.1396	4.9670	200000	800	50
1351880366051	2.0626	4.5932	200000	800	50
1351880366723	2.2801	4.2917	200000	800	50
1351880367330	2.0898	5.1241	200000	800	50
1351880367986	2.0769	5.1106	200000	800	50
1351880368650	1.9993	5.3574	200000	800	50
1351880369278	2.3810	5.3735	200000	800	50
1351880369963	2.1427	4.0653	200000	800	50
1351880370631	1.7774	4.9883	200000	800	50
1351880371404	1.8418	3.6907	200000	1000	50
1351880372172	1.9180	5.1151	200000	1000	50
1351880372991	1.8074	5.7046	200000	1000	50
1351880373670	1.8355	6.1819	200000	1000	50
1351880374375	1.7877	3.4103	200000	1000	50
1351880375261	1.7345	5.5421	200000	1000	50
1351880376016	1.7012	4.9852	200000	1000	50
1351880376877	1.4766	3.4831	200000	1000	50
1351880377650	1.8535	5.6948	200000	1000	50
1351880378431	1.9141	5.5376	200000	1000	50
1351880379323	1.6239	5.6926	200000	1000	50
1351880380155	1.5900	3.2455	200000	1000	50
1351880380995	1.7973	5.1805	200000	1000	50
1351880381712	1.7447	3.3834	200000	1000	50
1351880382465	1.7213	3.2345	200000	1000	50
1351880383285	1.7190	4.9872	200000	1000	50
1351880384033	1.7561	6.1568	200000	1000	50
1351880384846	1.8412	5.8505	200000	1000	50
1351880385605	1.8178	5.7033	200000	1000	50
1351880386390	2.0015	5.3155	200000	1000	50
1351880387124	1.9259	6.1347	200000	1000	50
1351880387738	1.9770	6.9821	200000	1000	50
1351880388500	2.0309	6.1353	200000	1000	50
1351880389170	1.9818	6.9900	200000	1000	50
1351880389914	1.7752	3.0841	200000	1000	50
1351880390691	1.9699	5.6861	200000	1000	50
1351880391501	1.5145	3.4537	200000	1000	50
1351880392370	1.9030	5.6915	200000	1000	50
1351880393136	1.6306	5.3138	200000	1000	50
1351880393936	1.8438	2.9878	200000	1000	50
1351880394771	1.6567	5.1271	200000	1000	50
1351880395674	1.6038	5.7047	200000	1000	50
1351880396498	1.5869	3.2443	200000	1000	50
1351880397375	1.2502	5.3098	200000	1000	50
1351880398108	1.8925	2.5394	200000	1000	50
1351880398954	1.7003	2.7857	200000	1000	50
1351880400077	1.5320	3.2317	200000	1000	50
1351880400925	1.7883	3.2309	200000	1000	50
1351880401728	1.5286	6.1368	200000	1000	50
1351880402541	1.9407	4.8033	200000	1000	50
1351880403365	1.7587	3.3160	200000	1000	50
1351880404148	1.8882	4.9766	200000	1000	50
1351880405000	1.8008	5.1160	200000	1000	50
1351880405792	1.7557	2.5802	200000	1000	50
1351880406538	1.7776	6.4224	200000	1000	50
1351880407373	1.7689	6.1183	200000	1000	50
1351880408108	1.6367	5.7039	200000	1000	50
1351880408932	1.6764	5.6996	200000	1000	50
1351880409721	1.3775	3.5114	200000	1000	50
1351880410454	1.4798	3.2644	200000	1000	50
1351880411325	1.6131	6.9826	200000	1000	50
1351880412148	1.5768	2.8888	200000	1000	50
1351880413152	1.1750	5.1146	200000	1000	50
1351880413959	1.5693	3.6746	200000	1000	50
1351880414843	1.1968	3.1698	200000	1000	50
1351880415665	1.5860	4.9251	200000	1000	50
1351880416583	1.1031	3.1876	200000	1000	50
1351880417376	1.8127	5.7003	200000	1000	50
1351880418153	1.9049	5.8749	200000	1000	50
1351880418994	1.6673	5.2927	200000	1000	50
1351880419757	1.5487	5.8868	200000	1000	50
1351880420512	1.7756	2.9399	200000	1000	50
1351880421169	1.7526	3.5382	200000	1000	50
1351880421963	1.8750	6.1277	200000	1000	50
1351880422622	1.8145	6.1222	200000	1000	50
1351880423307	1.8640	6.1608	200000	1000	50
1351880424021	1.9376	3.2393	200000	1000	50
1351880424710	1.8217	6.6428	200000	1000	50
1351880425421	1.8238	6.9951	200000	1000	50
1351880426207	1.8493	3.7832	200000	1000	50
1351880426905	1.7856	3.5288	200000	1000	50
1351880427594	1.9049	6.1229	200000	1000	50
1351880428330	1.6253	5.6940	200000	1000	50
1351880429033	1.7291	3.0186	200000	1000	50
1351880429771	1.8025	5.8481	200000	1000	50
1351880430533	1.7609	6.1409	200000	1000	50
1351880431252	1.8400	6.0478	200000	1000	50
1351880432005	1.9687	3.3425	200000	1000	50
1351880432837	1.7315	5.4630	200000	1000	50
1351880433636	1.8511	5.1114	200000	1000	50
1351880434396	1.8415	3.0411	200000	1000	50
1351880435176	1.7155	6.1367	200000	1000	50
1351880435898	1.6197	5.9635	200000	1000	50
1351880436648	1.7651	7.0186	200000	1000	50
1351880437489	1.7909	5.6547	200000	1000	50
1351880438178	1.5568	3.7874	200000	1000	50
1351880438891	1.6786	5.7938	200000	1000	50
1351880439614	1.9022	3.0440	200000	1000	50
1351880440332	1.9234	2.4980	200000	1000	50
1351880441075	1.6687	5.4677	200000	1000	50
1351880441783	1.8302	5.8677	200000	1000	50
1351880442483	1.7824	2.9927	200000	1000	50
1351880443186	1.7938	5.7004	200000	1000	50
1351880443923	1.8072	6.3136	200000	1000	50
1351880444624	1.7531	6.9881	200000	1000	50
1351880445287	1.7227	3.6773	200000	1000	50
1351880446091	1.7017	5.1158	200000	1000	50
1351880446786	1.7900	5.1172	200000	1000	50
1351880447569	2.2011	5.3181	200000	1000	50
1351880448412	1.5749	4.8087	200000	1000	50
1351880449283	1.3345	2.8437	200000	1000	50
1351880450117	1.7904	5.5345	200000	1000	50
1351880451007	1.2450	6.1609	200000	1000	50
1351880451742	1.7773	6.3150	200000	1000	50
1351880452509	1.9884	6.1195	200000	1000	50
1351880453265	1.6751	3.6836	200000	1000	50
1351880454205	1.3449	5.3353	200000	1000	50
1351880455625	0.6254	2.8323	200000	1000	50
1351880456584	1.7268	2.7210	200000	1000	50
1351880457523	1.6567	4.6944	200000	1000	50
1351880458570	0.9878	5.2492	200000	1000	50
1351880459432	1.7193	5.4646	200000	1000	50
1351880460651	1.4648	4.6955	200000	1000	50
1351880461795	0.8084	2.8961	200000	1000	50
1351880462763	1.6484	2.8901	200000	1000	50
1351880463513	1.7892	5.6825	200000	1000	50
1351880464204	1.9711	3.5392	200000	1000	50
1351880464943	2.1741	5.7070	200000	1000	50
1351880465852	0.9899	5.3230	200000	1000	50
1351880466643	1.9066	5.7080	200000	1000	50
1351880467465	1.7868	4.9818	200000	1000	50
1351880468244	1.5682	5.1048	200000	1000	50
1351880469081	1.7961	5.3105	200000	1000	50
1351880469953	1.7545	5.7125	200000	1000	50
1351880470697	1.7445	6.1435	200000	1000	50
1351880471420	1.7428	6.3247	200000	1000	50
1351880472116	1.8854	3.6984	200000	1000	50
1351880472875	2.0110	6.3313	200000	1000	50
1351880473724	1.8548	5.8561	200000	1000	50
1351880474590	1.7081	6.3198	200000	1000	50
1351880475414	1.5121	5.3109	200000	1000	50
1351880476177	1.8739	5.6891	200000	1000	50
1351880477024	1.8394	5.3118	200000	1000	50
1351880477692	1.7793	2.5783	200000	1000	50
1351880478411	1.9981	6.1350	200000	1000	50
1351880479196	1.9575	6.3206	200000	1000	50
1351880479977	1.8038	5.8463	200000	1000	50
1351880480690	2.0269	6.9894	200000	1000	50
1351880481404	2.0872	6.3182	200000	1000	50
1351880482140	2.0039	6.1232	200000	1000	50
1351880482847	1.9016	6.3406	200000	1000	50
1351880483581	1.8741	2.9930	200000	1000	50
1351880484333	1.8909	3.3169	200000	1000	50
1351880484982	2.0360	3.5549	200000	1000	50
1351880485748	2.0892	5.8766	200000	1000	50
1351880486505	1.8284	3.4145	200000	1000	50
1351880487293	1.9352	5.4648	200000	1000	50
1351880488031	2.0113	6.3111	200000	1000	50
1351880488771	2.0779	5.4634	200000	1000	50
1351880489530	1.7990	5.4632	200000	1000	50
1351880490289	1.9135	5.6902	200000	1000	50
1351880491128	1.7677	5.5346	200000	1000	50
1351880491916	1.8132	5.7169	200000	1000	50
1351880492727	2.0839	5.5308	200000	1000	50
1351880493572	1.7677	3.2136	200000	1000	50
1351880494336	2.0132	5.7032	200000	1000	50
1351880495078	2.1393	2.9716	200000	1000	50
1351880495831	1.8619	5.7010	200000	1000	50
1351880496531	1.9183	3.7172	200000	1000	50
1351880497283	2.1241	6.1499	200000	1000	50
1351880497932	1.8868	3.4920	200000	1000	50
1351880498611	2.0088	3.5350	200000	1000	50
1351880499436	1.8784	6.4348	200000	1000	50
1351880500184	1.9614	6.1428	200000	1000	50
1351880500951	1.8015	5.6828	200000	1000	50
1351880501667	2.2851	5.8664	200000	1000	50
1351880502428	2.0122	4.6964	200000	1000	50
1351880503181	1.7606	2.5242	200000	1000	50
1351880504023	2.0171	5.7039	200000	1000	50
1351880504740	1.9666	6.1295	200000	1000	50
1351880505477	2.0945	6.1521	200000	1000	50
1351880506190	1.9711	6.1428	200000	1000	50
1351880506916	2.1234	6.1295	200000	1000	50
1351880507607	2.1831	6.6559	200000	1000	50
1351880508351	1.9477	6.1331	200000	1000	50
1351880509096	1.9228	5.3105	200000	1000	50
1351880509923	1.6814	5.6955	200000	1000	50
1351880510788	1.5839	6.6288	200000	1000	50
1351880511554	1.8040	6.1465	200000	1000	50
1351880512266	2.1053	5.6885	200000	1000	50
1351880512991	1.6999	3.3872	200000	1000	50
1351880513723	2.1258	5.7812	200000	1000	50
1351880514419	2.1306	5.6821	200000	1000	50
1351880515179	2.0484	6.9972	200000	1000	50
1351880515906	1.9729	3.3601	200000	1000	50
1351880516547	2.0902	6.6299	200000	1000	50
1351880517277	2.1247	6.1331	200000	1000	50
1351880518083	1.8208	6.1403	200000	1000	50
1351880518777	2.1569	5.8568	200000	1000	50
1351880519587	1.9511	5.5446	200000	1000	50
1351880520348	2.0613	6.9938	200000	1000	50
1351880521031	2.2074	6.3241	200000	1000	50
1351880521763	2.1285	6.1294	200000	1000	50
1351880522480	2.1148	6.1215	200000	1000	50
1351880523167	2.0792	6.1276	200000	1000	50
1351880523886	1.8817	6.4099	200000	1000	50
1351880524580	1.9410	3.6874	200000	1000	50
1351880525247	2.1403	6.3175	200000	1000	50
1351880526016	1.9735	6.3305	200000	1000	50
1351880526769	1.9364	5.4653	200000	1000	50
1351880527530	2.1235	4.2827	200000	1200	50
1351880528325	2.3343	4.3717	200000	1200	50
1351880529194	2.1284	3.3048	200000	1200	50
1351880530056	2.1662	6.4821	200000	1200	50
1351880530956	1.7578	3.3752	200000	1200	50
1351880531818	2.2835	3.0947	200000	1200	50
1351880532705	2.0983	3.5556	200000	1200	50
1351880533572	2.1449	2.5629	200000	1200	50
1351880534403	1.9794	5.7980	200000	1200	50
1351880535247	2.0803	2.1986	200000	1200	50
1351880536066	2.3500	3.8667	200000	1200	50
1351880536874	2.0142	3.8700	200000	1200	50
1351880537692	2.2802	6.6869	200000	1200	50
1351880538506	2.0690	6.0763	200000	1200	50
1351880539405	1.9109	6.6830	200000	1200	50
1351880540221	2.2762	1.9843	200000	1200	50
1351880541043	1.8388	3.9105	200000	1200	50
1351880541850	2.0510	4.3698	200000	1200	50
1351880542785	1.8154	1.7929	200000	1200	50
1351880543591	2.3423	6.8683	200000	1200	50
1351880544433	2.4871	2.0308	200000	1200	50
1351880545176	2.2631	2.3419	200000	1200	50
1351880546002	2.2781	2.1819	200000	1200	50
1351880546904	2.4295	1.9833	200000	1200	50
1351880547683	2.3329	3.4761	200000	1200	50
1351880548487	2.1940	4.2563	200000	1200	50
1351880549307	2.2013	3.8713	200000	1200	50
1351880550163	2.1867	6.8459	200000	1200	50
1351880550980	2.2354	5.8576	200000	1200	50
1351880551763	2.2602	2.0767	200000	1200	50
1351880552574	2.3947	3.8486	200000	1200	50
1351880553407	2.4442	6.6573	200000	1200	50
1351880554234	1.9693	3.7070	200000	1200	50
1351880555130	2.2775	2.2924	200000	1200	50
1351880556367	2.3791	1.8986	200000	1200	50
1351880557182	2.4765	3.6634	200000	1200	50
1351880558044	2.1564	3.8682	200000	1200	50
1351880558823	2.1517	5.9120	200000	1200	50
1351880559553	2.3795	3.9635	200000	1200	50
1351880560344	2.2978	7.5016	200000	1200	50
1351880561170	2.4190	4.4630	200000	1200	50
1351880561952	2.1858	3.8725	200000	1200	50
1351880562673	2.5924	7.1857	200000	1200	50
1351880563467	2.5069	6.6831	200000	1200	50
1351880564225	2.3670	4.5705	200000	1200	50
1351880564987	2.3666	7.4970	200000	1200	50
1351880565775	1.7681	3.9127	200000	1200	50
1351880566512	2.5562	6.9840	200000	1200	50
1351880567291	2.4020	7.4076	200000	1200	50
1351880568076	2.4094	4.2091	200000	1200	50
1351880568930	1.6229	2.0165	200000	1200	50
1351880569657	2.3319	4.6110	200000	1200	50
1351880570586	2.3392	4.5487	200000	1200	50
1351880571356	2.0467	2.8958	200000	1200	50
1351880572094	2.3049	4.2086	200000	1200	50
1351880572937	1.9091	3.7207	200000	1200	50
1351880573774	2.1499	6.8668	200000	1200	50
1351880574627	2.2835	3.3466	200000	1200	50
1351880575404	2.0905	3.7717	200000	1200	50
1351880576190	2.3198	4.5676	200000	1200	50
1351880576970	2.3332	3.9270	200000	1200	50
1351880577781	2.1313	2.6348	200000	1200	50
1351880578538	2.1797	6.6508	200000	1200	50
1351880579315	2.4549	1.8738	200000	1200	50
1351880580205	2.3567	2.8652	200000	1200	50
1351880581096	2.0170	3.8703	200000	1200	50
1351880581912	2.1549	3.6065	200000	1200	50
1351880582707	2.1161	4.3187	200000	1200	50
1351880583500	2.4009	3.9303	200000	1200	50
1351880584367	2.0636	3.5325	200000	1200	50
1351880585107	2.3243	7.1641	200000	1200	50
1351880585871	2.1582	5.8675	200000	1200	50
1351880586713	2.2502	1.9340	200000	1200	50
1351880587543	2.2159	2.6268	200000	1200	50
1351880588449	1.9999	3.7775	200000	1200	50
1351880589297	2.3188	2.8698	200000	1200	50
1351880590085	2.1324	2.7032	200000	1200	50
1351880590917	2.1316	2.2113	200000	1200	50
1351880591733	2.1481	6.8666	200000	1200	50
1351880592565	2.3882	3.9320	200000	1200	50
1351880593305	2.4703	3.9622	200000	1200	50
1351880594198	1.7332	5.7182	200000	1200	50
1351880594993	2.5226	3.8088	200000	1200	50
1351880595836	2.6122	2.0594	200000	1200	50
1351880596673	2.4672	4.0343	200000	1200	50
1351880597430	2.4419	3.9330	200000	1200	50
1351880598189	2.3336	3.8700	200000	1200	50
1351880599004	2.1873	2.2525	200000	1200	50
1351880599795	2.2441	4.2070	200000	1200	50
1351880600532	2.4039	3.7761	200000	1200	50
1351880601334	2.1851	3.7760	200000	1200	50
1351880602130	2.2200	2.3977	200000	1200	50
1351880602956	2.4579	3.8390	200000	1200	50
1351880603794	2.2841	2.6169	200000	1200	50
1351880604522	1.8088	4.2078	200000	1200	50
1351880605275	2.3440	2.8496	200000	1200	50
1351880606108	2.3500	3.9328	200000	1200	50
1351880607021	2.2103	2.1510	200000	1200	50
1351880607813	2.5133	4.2032	200000	1200	50
1351880608576	2.1864	2.1801	200000	1200	50
1351880609322	2.0974	2.4003	200000	1200	50
1351880610115	2.4804	4.2130	200000	1200	50
1351880610887	2.1602	4.3548	200000	1200	50
1351880611674	2.2958	4.5743	200000	1200	50
1351880612444	2.2094	4.1976	200000	1200	50
1351880613183	2.3069	4.2061	200000	1200	50
1351880613943	2.2802	2.3982	200000	1200	50
1351880614781	2.2586	3.5802	200000	1200	50
1351880615641	2.1782	3.3908	200000	1200	50
1351880616450	2.1127	3.9090	200000	1200	50
1351880617210	2.0401	4.3195	200000	1200	50
1351880618046	2.3274	6.6619	200000	1200	50
1351880618874	2.3698	3.8663	200000	1200	50
1351880619674	2.1081	2.9813	200000	1200	50
1351880620427	2.3274	7.3558	200000	1200	50
1351880621176	2.2063	3.7760	200000	1200	50
1351880621978	2.3325	6.6609	200000	1200	50
1351880622833	2.2838	2.4487	200000	1200	50
1351880623690	2.3056	4.0995	200000	1200	50
1351880624417	2.3264	4.3302	200000	1200	50
1351880625162	2.2788	4.2142	200000	1200	50
1351880625971	1.9988	4.2822	200000	1200	50
1351880626722	2.3123	6.9682	200000	1200	50
1351880627554	2.3631	2.6555	200000	1200	50
1351880628355	2.0833	4.3891	200000	1200	50
1351880629166	2.0647	3.9320	200000	1200	50
1351880630068	2.1977	1.6541	200000	1200	50
1351880631023	2.2469	2.4209	200000	1200	50
1351880631900	1.9189	3.6131	200000	1200	50
1351880632634	2.3652	3.2114	200000	1200	50
1351880633396	2.2901	7.4687	200000	1200	50
1351880634203	2.2393	3.8084	200000	1200	50
1351880635579	2.1112	2.7452	200000	1200	50
1351880636531	1.9359	1.8605	200000	1200	50
1351880637688	1.9955	3.3771	200000	1200	50
1351880638608	2.5117	1.8454	200000	1200	50
1351880639426	2.4824	2.5594	200000	1200	50
1351880640372	1.5400	3.1985	200000	1200	50
1351880641377	1.9676	2.3289	200000	1200	50
1351880642154	2.2818	3.8700	200000	1200	50
1351880642964	2.1118	3.8383	200000	1200	50
1351880643826	2.1405	1.9824	200000	1200	50
1351880644698	2.0877	6.7582	200000	1200	50
1351880645540	2.4446	6.4844	200000	1200	50
1351880646393	1.9454	3.5458	200000	1200	50
1351880647359	1.9142	2.5606	200000	1200	50
1351880648271	1.9261	4.3522	200000	1200	50
1351880649057	2.4317	3.9274	200000	1200	50
1351880649851	2.3914	2.0425	200000	1200	50
1351880650608	2.2437	4.0945	200000	1200	50
1351880651554	2.0866	5.0662	200000	1200	50
1351880652488	1.9006	2.4407	200000	1200	50
1351880653317	2.4002	7.8067	200000	1200	50
1351880654351	2.4013	3.6090	200000	1200	50
1351880655080	2.3755	3.2898	200000	1200	50
1351880655912	2.1641	5.0181	200000	1200	50
1351880656696	2.2134	5.7892	200000	1200	50
1351880657531	2.1749	6.6264	200000	1200	50
1351880658396	2.4205	2.5344	200000	1200	50
1351880659162	2.1461	6.5756	200000	1200	50
1351880659982	1.6534	3.9418	200000	1200	50
1351880661130	1.6590	3.1833	200000	1200	50
1351880662093	1.8358	1.8312	200000	1200	50
1351880663043	1.8878	2.7408	200000	1200	50
1351880663865	1.9827	2.0544	200000	1200	50
1351880664705	1.7894	3.5015	200000	1200	50
1351880665544	1.9010	7.1696	200000	1200	50
1351880666570	1.8555	5.5314	200000	1200	50
1351880667828	1.3952	2.6479	200000	1200	50
1351880668804	1.9578	3.6235	200000	1200	50
1351880669788	1.7890	3.8383	200000	1200	50
1351880671078	1.9402	0.9161	200000	1200	50
1351880671912	2.0930	2.2522	200000	1200	50
1351880672782	1.9842	4.1117	200000	1200	50
1351880673551	2.1949	2.2520	200000	1200	50
1351880674372	1.7596	3.8662	200000	1200	50
1351880675183	2.1064	7.1867	200000	1200	50
1351880675957	2.1778	3.0658	200000	1200	50
1351880676747	2.2981	2.8019	200000	1200	50
1351880677506	2.1062	4.5708	200000	1200	50
1351880678221	1.9720	3.9992	200000	1200	50
1351880679010	2.4687	4.2983	200000	1200	50
1351880679829	2.2128	7.0587	200000	1200	50
1351880680797	1.5367	6.6538	200000	1200	50
1351880681642	2.0808	3.5764	200000	1200	50
1351880682447	1.7151	4.2081	200000	1200	50
1351880683271	1.7978	3.4533	200000	1200	50
1351880684070	2.1743	3.8672	200000	1200	50
1351880684885	2.2297	4.4914	200000	1200	50
1351880685678	2.0480	3.9025	200000	1200	50
1351880686477	1.9454	4.1791	200000	1200	50
1351880687211	2.3305	3.9725	200000	1200	50
1351880687997	2.3440	4.2047	200000	1200	50
1351880688821	2.3381	2.9644	200000	1200	50
1351880689570	2.2374	3.0164	200000	1200	50
1351880690347	2.0369	2.8182	200000	1200	50
1351880691144	2.2307	4.5681	200000	1200	50
1351880691921	2.2514	2.9879	200000	1200	50
1351880692764	2.0830	2.9517	200000	1200	50
1351880693508	2.3670	2.7263	200000	1200	50
1351880694415	1.8194	3.5719	200000	1400	50
1351880695318	1.5863	2.6603	200000	1400	50
1351880696226	2.0212	4.9594	200000	1400	50
1351880697117	1.9503	4.4604	200000	1400	50
1351880697989	1.8199	2.8620	200000	1400	50
1351880698878	1.7131	3.7067	200000	1400	50
1351880699749	1.8767	3.5708	200000	1400	50
1351880700693	1.8573	3.0724	200000	1400	50
1351880701612	1.6644	3.5797	200000	1400	50
1351880702583	1.6529	3.0377	200000	1400	50
1351880703513	1.5849	3.2029	200000	1400	50
1351880704386	1.7462	2.7641	200000	1400	50
1351880705335	1.6815	2.2818	200000	1400	50
1351880706300	1.5986	3.0697	200000	1400	50
1351880707201	2.0163	3.5587	200000	1400	50
1351880708062	2.2082	3.5474	200000	1400	50
1351880708922	1.8306	3.5268	200000	1400	50
1351880709823	2.1816	3.1515	200000	1400	50
1351880710735	1.7353	3.3000	200000	1400	50
1351880711676	1.7310	3.0181	200000	1400	50
1351880712612	1.8652	3.3396	200000	1400	50
1351880713540	1.9808	3.0924	200000	1400	50
1351880714496	1.8065	3.3056	200000	1400	50
1351880715383	2.0616	3.4241	200000	1400	50
1351880716288	2.1871	3.0362	200000	1400	50
1351880717228	2.1527	2.5091	200000	1400	50
1351880718214	2.2640	3.0305	200000	1400	50
1351880719174	1.8746	2.3260	200000	1400	50
1351880720094	2.0319	3.4133	200000	1400	50
1351880721027	1.7397	2.5160	200000	1400	50
1351880721976	1.6769	3.0595	200000	1400	50
1351880723235	2.0245	2.6760	200000	1400	50
1351880724156	1.7412	3.6932	200000	1400	50
1351880725048	2.0035	3.5405	200000	1400	50
1351880725927	2.1070	3.1282	200000	1400	50
1351880726897	1.6152	2.8323	200000	1400	50
1351880727849	1.8127	2.2890	200000	1400	50
1351880728847	1.6094	4.5955	200000	1400	50
1351880729773	2.1241	2.8933	200000	1400	50
1351880730753	1.6673	2.7535	200000	1400	50
1351880731753	1.5035	2.9072	200000	1400	50
1351880732762	1.6428	3.0483	200000	1400	50
1351880733683	1.6547	2.7132	200000	1400	50
1351880734623	2.0448	3.0341	200000	1400	50
1351880735553	1.7781	3.2235	200000	1400	50
1351880736506	1.5913	3.0385	200000	1400	50
1351880737387	2.0966	3.4316	200000	1400	50
1351880738349	1.6763	2.3494	200000	1400	50
1351880739307	1.6598	2.8644	200000	1400	50
1351880740325	1.5669	4.3610	200000	1400	50
1351880741288	1.9810	3.2573	200000	1400	50
1351880742212	1.7156	3.5066	200000	1400	50
1351880743247	1.5508	2.7147	200000	1400	50
1351880744205	1.7496	2.9916	200000	1400	50
1351880745218	1.9565	3.7596	200000	1400	50
1351880746216	1.6025	2.2073	200000	1400	50
1351880747180	1.6297	2.9248	200000	1400	50
1351880748193	1.8470	3.0298	200000	1400	50
1351880749188	1.5387	3.0098	200000	1400	50
1351880750071	2.1364	2.7821	200000	1400	50
1351880750990	2.1039	2.4255	200000	1400	50
1351880751917	1.8295	2.9000	200000	1400	50
1351880752875	1.8581	2.9986	200000	1400	50
1351880753886	1.8582	3.8314	200000	1400	50
1351880754909	1.5970	2.7404	200000	1400	50
1351880755827	1.7073	2.6630	200000	1400	50
1351880756742	2.0478	2.4806	200000	1400	50
1351880757688	1.6137	3.1883	200000	1400	50
1351880758593	2.0330	4.9549	200000	1400	50
1351880759486	2.1270	3.2714	200000	1400	50
1351880760484	1.7458	3.1000	200000	1400	50
1351880761418	1.6663	2.3649	200000	1400	50
1351880762343	2.0453	3.2452	200000	1400	50
1351880763283	1.7510	3.3413	200000	1400	50
1351880764223	1.7532	3.1231	200000	1400	50
1351880765174	1.6860	3.2691	200000	1400	50
1351880766174	1.6510	2.9054	200000	1400	50
1351880767179	1.9171	2.8550	200000	1400	50
1351880768362	1.6378	3.0740	200000	1400	50
1351880769352	1.5259	2.4652	200000	1400	50
1351880770536	1.5737	3.0664	200000	1400	50
1351880771557	1.8372	2.1899	200000	1400	50
1351880772559	1.5976	2.4190	200000	1400	50
1351880773567	1.8228	2.7659	200000	1400	50
1351880774546	1.9476	3.0375	200000	1400	50
1351880775606	1.5172	2.5949	200000	1400	50
1351880776662	1.7819	2.4407	200000	1400	50
1351880778308	1.6289	1.1173	200000	1400	50
1351880779303	1.9611	4.0640	200000	1400	50
1351880780314	1.5975	3.0739	200000	1400	50
1351880781258	1.7325	3.1682	200000	1400	50
1351880782247	1.5965	2.9922	200000	1400	50
1351880783245	1.6955	3.7844	200000	1400	50
1351880784316	1.8941	2.4419	200000	1400	50
1351880785335	1.6862	2.7837	200000	1400	50
1351880786362	1.5710	2.7957	200000	1400	50
1351880787375	1.8826	2.2392	200000	1400	50
1351880788352	1.9338	3.1362	200000	1400	50
1351880789357	1.6530	2.2340	200000	1400	50
1351880790338	1.6508	2.6726	200000	1400	50
1351880791363	1.3826	2.2810	200000	1400	50
1351880792341	1.8832	3.3977	200000	1400	50
1351880793332	1.8044	2.8941	200000	1400	50
1351880794264	1.8801	3.3068	200000	1400	50
1351880795222	1.5570	3.5262	200000	1400	50
1351880796147	1.7462	3.2164	200000	1400	50
1351880797100	1.8850	4.9130	200000	1400	50
1351880798077	1.5906	2.9879	200000	1400	50
1351880798999	1.6470	3.5743	200000	1400	50
1351880799988	1.5815	2.7656	200000	1400	50
1351880800941	1.7076	2.5044	200000	1400	50
1351880801926	1.5270	3.1811	200000	1400	50
1351880802887	1.5347	3.4497	200000	1400	50
1351880803818	2.1157	3.4041	200000	1400	50
1351880804728	1.7555	2.6565	200000	1400	50
1351880805754	1.4613	2.9834	200000	1400	50
1351880806655	1.7535	2.7644	200000	1400	50
1351880807559	2.0400	3.4416	200000	1400	50
1351880808539	1.6242	2.4545	200000	1400	50
1351880809468	1.7410	3.3042	200000	1400	50
1351880810592	1.4441	2.5413	200000	1400	50
1351880811524	1.6057	2.7390	200000	1400	50
1351880812616	1.4946	2.7253	200000	1400	50
1351880813610	1.5776	2.9914	200000	1400	50
1351880814617	1.7326	2.3766	200000	1400	50
1351880815589	1.5822	3.7064	200000	1400	50
1351880816570	1.5960	2.7637	200000	1400	50
1351880817592	1.6563	2.7909	200000	1400	50
1351880818717	1.2354	2.7508	200000	1400	50
1351880819735	1.7145	4.6321	200000	1400	50
1351880820669	1.6201	3.2096	200000	1400	50
1351880821627	1.6144	2.7886	200000	1400	50
1351880822619	1.5273	2.2991	200000	1400	50
1351880823672	1.5838	3.2249	200000	1400	50
1351880824754	1.4758	2.6339	200000	1400	50
1351880825717	1.6857	2.2081	200000	1400	50
1351880826655	1.6535	3.4296	200000	1400	50
1351880827700	1.6467	3.1269	200000	1400	50
1351880828652	1.7968	2.4274	200000	1400	50
1351880829629	1.7870	3.2064	200000	1400	50
1351880830604	1.6368	2.4271	200000	1400	50
1351880831572	1.6658	2.3264	200000	1400	50
1351880832539	1.6620	3.0414	200000	1400	50
1351880833520	2.0319	3.0373	200000	1400	50
1351880834448	1.8226	2.4611	200000	1400	50
1351880835344	1.8850	2.7923	200000	1400	50
1351880836250	2.0059	3.7430	200000	1400	50
1351880837124	1.8429	3.2086	200000	1400	50
1351880838055	2.0586	3.1163	200000	1400	50
1351880838941	1.8061	5.2912	200000	1400	50
1351880839856	1.7663	2.3262	200000	1400	50
1351880840825	1.6713	2.4003	200000	1400	50
1351880841734	2.1039	2.4798	200000	1400	50
1351880842654	1.7656	3.1526	200000	1400	50
1351880843595	2.0563	3.0650	200000	1400	50
1351880844528	1.7137	2.7632	200000	1400	50
1351880845504	2.1000	2.7928	200000	1400	50
1351880846431	1.8664	3.3641	200000	1400	50
1351880847310	2.3140	2.7646	200000	1400	50
1351880848261	2.2378	2.2793	200000	1400	50
1351880849183	1.7328	3.0688	200000	1400	50
1351880850123	2.0207	3.1569	200000	1400	50
1351880851032	1.7611	3.1594	200000	1400	50
1351880852047	1.4496	3.3654	200000	1400	50
1351880853156	1.3196	4.2067	200000	1400	50
1351880854173	1.4241	3.0034	200000	1400	50
1351880855194	1.5800	2.8949	200000	1400	50
1351880856144	1.8811	3.4153	200000	1400	50
1351880857096	1.6485	2.6371	200000	1400	50
1351880858137	1.6353	2.4593	200000	1400	50
1351880859095	1.5729	3.0328	200000	1400	50
1351880860117	1.8721	2.9090	200000	1400	50
1351880861054	1.9173	3.0589	200000	1400	50
1351880862079	1.5578	2.5838	200000	1400	50
1351880863116	1.6052	2.8116	200000	1400	50
1351880864193	1.6156	2.9993	200000	1400	50
1351880865337	1.4147	1.5262	200000	1400	50
1351880866375	1.5254	2.2803	200000	1400	50
1351880867496	1.1449	3.0534	200000	1400	50
1351880868508	1.8013	3.3386	200000	1400	50
1351880869489	1.6175	3.0327	200000	1400	50
1351880870874	1.2596	2.8983	200000	1400	50
1351880871855	1.8239	3.0141	200000	1400	50
1351880873167	1.4931	0.9872	200000	1400	50
1351880874136	1.6650	2.7860	200000	1400	50
1351880875118	1.4341	2.5361	200000	1400	50
1351880876075	1.9536	3.1569	200000	1400	50
1351880877041	1.9093	3.1218	200000	1400	50
1351880878024	1.8370	2.2980	200000	1400	50
1351880879001	1.8161	3.1039	200000	1400	50
1351880879947	1.8328	3.0042	200000	1400	50
1351880880990	1.6983	3.2062	200000	1400	50
1351880881963	1.8513	3.0365	200000	1400	50
1351880882862	1.9544	3.5720	200000	1400	50
1351880883802	1.7277	3.0365	200000	1400	50
1351880884810	1.4799	3.0369	200000	1400	50
1351880885762	1.5979	2.9227	200000	1400	50
1351880886837	1.4850	1.9135	200000	1400	50
1351880887767	1.5970	3.2662	200000	1400	50
1351880888758	1.5993	2.9853	200000	1400	50
